trip_id,arrival_time,departure_time,stop_id,stop_sequence,stop_headsign,pickup_type,drop_off_type,shape_dist_traveled,timepoint,start_service_area_id,end_service_area_id,start_service_area_radius,end_service_area_radius,continuous_pickup,continuous_drop_off,pickup_booking_rule_id,drop_off_booking_rule_id,min_arrival_time,max_departure_time,mean_duration_factor,mean_duration_offset,safe_duration_factor,safe_duration_offset
t_1280417_b_28090_tn_1,07:00:00,07:00:00,2622517,1,,0,0,0,1,,,,,1,1,,,,,,,,
t_1280417_b_28090_tn_1,,,2622518,2,,0,0,314.354486245572,0,,,,,1,1,,,,,,,,
t_1280417_b_28090_tn_1,,,2622519,3,,0,0,540.770477644542,0,,,,,1,1,,,,,,,,
t_1280417_b_28090_tn_1,,,2622520,4,,0,0,745.206579768392,0,,,,,1,1,,,,,,,,
t_1280417_b_28090_tn_1,07:02:00,07:02:00,2623824,5,,0,0,1232.9584787822,1,,,,,1,1,,,,,,,,
t_1280417_b_28090_tn_1,,,2623971,6,,0,0,1475.69149817661,0,,,,,1,1,,,,,,,,
t_1280417_b_28090_tn_1,,,2623972,7,,0,0,2005.89823411404,0,,,,,1,1,,,,,,,,
t_1280417_b_28090_tn_1,,,2623976,8,,0,0,2368.02320474748,0,,,,,1,1,,,,,,,,
t_1280417_b_28090_tn_1,,,2623979,9,,0,0,2822.75257952259,0,,,,,1,1,,,,,,,,
t_1280417_b_28090_tn_1,,,2623978,10,,0,0,3349.20959140263,0,,,,,1,1,,,,,,,,
t_1280417_b_28090_tn_1,07:07:00,07:07:00,2623980,11,,0,0,3624.20996458776,1,,,,,1,1,,,,,,,,
t_1280417_b_28090_tn_1,,,2623982,12,,0,0,4063.66281683508,0,,,,,1,1,,,,,,,,
t_1280417_b_28090_tn_1,,,2623981,13,,0,0,4415.57124823736,0,,,,,1,1,,,,,,,,
t_1280417_b_28090_tn_1,,,2623983,14,,0,0,4944.19739769097,0,,,,,1,1,,,,,,,,
t_1280417_b_28090_tn_1,,,2623984,15,,0,0,5330.47385092936,0,,,,,1,1,,,,,,,,
t_1280417_b_28090_tn_1,,,2623985,16,,0,0,5610.63465725372,0,,,,,1,1,,,,,,,,
t_1280417_b_28090_tn_1,,,2623986,17,,0,0,6132.78446323376,0,,,,,1,1,,,,,,,,
t_1280417_b_28090_tn_1,07:13:00,07:13:00,2623987,18,,0,0,6480.28999666576,1,,,,,1,1,,,,,,,,
t_1280417_b_28090_tn_1,,,2623988,19,,0,0,6994.58035833876,0,,,,,1,1,,,,,,,,
t_1280417_b_28090_tn_1,,,2623991,20,,0,0,8241.84562441196,0,,,,,1,1,,,,,,,,
t_1280417_b_28090_tn_1,,,2623992,21,,0,0,8894.78212497767,0,,,,,1,1,,,,,,,,
t_1280417_b_28090_tn_1,,,2623830,22,,0,0,9410.85348567032,0,,,,,1,1,,,,,,,,
t_1280417_b_28090_tn_1,,,2623831,23,,0,0,9731.58393690224,0,,,,,1,1,,,,,,,,
t_1280417_b_28090_tn_1,07:30:00,07:30:00,2622517,24,,0,0,10152.22125198,1,,,,,1,1,,,,,,,,
t_1280417_b_28090_tn_10,16:00:00,16:00:00,2622517,1,,0,0,0,1,,,,,1,1,,,,,,,,
t_1280417_b_28090_tn_10,,,2622518,2,,0,0,314.354486245572,0,,,,,1,1,,,,,,,,
t_1280417_b_28090_tn_10,,,2622519,3,,0,0,540.770477644542,0,,,,,1,1,,,,,,,,
t_1280417_b_28090_tn_10,,,2622520,4,,0,0,745.206579768392,0,,,,,1,1,,,,,,,,
t_1280417_b_28090_tn_10,16:02:00,16:02:00,2623824,5,,0,0,1232.9584787822,1,,,,,1,1,,,,,,,,
t_1280417_b_28090_tn_10,,,2623971,6,,0,0,1475.69149817661,0,,,,,1,1,,,,,,,,
t_1280417_b_28090_tn_10,,,2623972,7,,0,0,2005.89823411404,0,,,,,1,1,,,,,,,,
t_1280417_b_28090_tn_10,,,2623976,8,,0,0,2368.02320474748,0,,,,,1,1,,,,,,,,
t_1280417_b_28090_tn_10,,,2623979,9,,0,0,2822.75257952259,0,,,,,1,1,,,,,,,,
t_1280417_b_28090_tn_10,,,2623978,10,,0,0,3349.20959140263,0,,,,,1,1,,,,,,,,
t_1280417_b_28090_tn_10,16:07:00,16:07:00,2623980,11,,0,0,3624.20996458776,1,,,,,1,1,,,,,,,,
t_1280417_b_28090_tn_10,,,2623982,12,,0,0,4063.66281683508,0,,,,,1,1,,,,,,,,
t_1280417_b_28090_tn_10,,,2623981,13,,0,0,4415.57124823736,0,,,,,1,1,,,,,,,,
t_1280417_b_28090_tn_10,,,2623983,14,,0,0,4944.19739769097,0,,,,,1,1,,,,,,,,
t_1280417_b_28090_tn_10,,,2623984,15,,0,0,5330.47385092936,0,,,,,1,1,,,,,,,,
t_1280417_b_28090_tn_10,,,2623985,16,,0,0,5610.63465725372,0,,,,,1,1,,,,,,,,
t_1280417_b_28090_tn_10,,,2623986,17,,0,0,6132.78446323376,0,,,,,1,1,,,,,,,,
t_1280417_b_28090_tn_10,16:13:00,16:13:00,2623987,18,,0,0,6480.28999666576,1,,,,,1,1,,,,,,,,
t_1280417_b_28090_tn_10,,,2623988,19,,0,0,6994.58035833876,0,,,,,1,1,,,,,,,,
t_1280417_b_28090_tn_10,,,2623991,20,,0,0,8241.84562441196,0,,,,,1,1,,,,,,,,
t_1280417_b_28090_tn_10,,,2623992,21,,0,0,8894.78212497767,0,,,,,1,1,,,,,,,,
t_1280417_b_28090_tn_10,,,2623830,22,,0,0,9410.85348567032,0,,,,,1,1,,,,,,,,
t_1280417_b_28090_tn_10,,,2623831,23,,0,0,9731.58393690224,0,,,,,1,1,,,,,,,,
t_1280417_b_28090_tn_10,16:30:00,16:30:00,2622517,24,,0,0,10152.22125198,1,,,,,1,1,,,,,,,,
t_1280417_b_28090_tn_2,08:00:00,08:00:00,2622517,1,,0,0,0,1,,,,,1,1,,,,,,,,
t_1280417_b_28090_tn_2,,,2622518,2,,0,0,314.354486245572,0,,,,,1,1,,,,,,,,
t_1280417_b_28090_tn_2,,,2622519,3,,0,0,540.770477644542,0,,,,,1,1,,,,,,,,
t_1280417_b_28090_tn_2,,,2622520,4,,0,0,745.206579768392,0,,,,,1,1,,,,,,,,
t_1280417_b_28090_tn_2,08:02:00,08:02:00,2623824,5,,0,0,1232.9584787822,1,,,,,1,1,,,,,,,,
t_1280417_b_28090_tn_2,,,2623971,6,,0,0,1475.69149817661,0,,,,,1,1,,,,,,,,
t_1280417_b_28090_tn_2,,,2623972,7,,0,0,2005.89823411404,0,,,,,1,1,,,,,,,,
t_1280417_b_28090_tn_2,,,2623976,8,,0,0,2368.02320474748,0,,,,,1,1,,,,,,,,
t_1280417_b_28090_tn_2,,,2623979,9,,0,0,2822.75257952259,0,,,,,1,1,,,,,,,,
t_1280417_b_28090_tn_2,,,2623978,10,,0,0,3349.20959140263,0,,,,,1,1,,,,,,,,
t_1280417_b_28090_tn_2,08:07:00,08:07:00,2623980,11,,0,0,3624.20996458776,1,,,,,1,1,,,,,,,,
t_1280417_b_28090_tn_2,,,2623982,12,,0,0,4063.66281683508,0,,,,,1,1,,,,,,,,
t_1280417_b_28090_tn_2,,,2623981,13,,0,0,4415.57124823736,0,,,,,1,1,,,,,,,,
t_1280417_b_28090_tn_2,,,2623983,14,,0,0,4944.19739769097,0,,,,,1,1,,,,,,,,
t_1280417_b_28090_tn_2,,,2623984,15,,0,0,5330.47385092936,0,,,,,1,1,,,,,,,,
t_1280417_b_28090_tn_2,,,2623985,16,,0,0,5610.63465725372,0,,,,,1,1,,,,,,,,
t_1280417_b_28090_tn_2,,,2623986,17,,0,0,6132.78446323376,0,,,,,1,1,,,,,,,,
t_1280417_b_28090_tn_2,08:13:00,08:13:00,2623987,18,,0,0,6480.28999666576,1,,,,,1,1,,,,,,,,
t_1280417_b_28090_tn_2,,,2623988,19,,0,0,6994.58035833876,0,,,,,1,1,,,,,,,,
t_1280417_b_28090_tn_2,,,2623991,20,,0,0,8241.84562441196,0,,,,,1,1,,,,,,,,
t_1280417_b_28090_tn_2,,,2623992,21,,0,0,8894.78212497767,0,,,,,1,1,,,,,,,,
t_1280417_b_28090_tn_2,,,2623830,22,,0,0,9410.85348567032,0,,,,,1,1,,,,,,,,
t_1280417_b_28090_tn_2,,,2623831,23,,0,0,9731.58393690224,0,,,,,1,1,,,,,,,,
t_1280417_b_28090_tn_2,08:30:00,08:30:00,2622517,24,,0,0,10152.22125198,1,,,,,1,1,,,,,,,,
t_1280417_b_28090_tn_3,09:00:00,09:00:00,2622517,1,,0,0,0,1,,,,,1,1,,,,,,,,
t_1280417_b_28090_tn_3,,,2622518,2,,0,0,314.354486245572,0,,,,,1,1,,,,,,,,
t_1280417_b_28090_tn_3,,,2622519,3,,0,0,540.770477644542,0,,,,,1,1,,,,,,,,
t_1280417_b_28090_tn_3,,,2622520,4,,0,0,745.206579768392,0,,,,,1,1,,,,,,,,
t_1280417_b_28090_tn_3,09:02:00,09:02:00,2623824,5,,0,0,1232.9584787822,1,,,,,1,1,,,,,,,,
t_1280417_b_28090_tn_3,,,2623971,6,,0,0,1475.69149817661,0,,,,,1,1,,,,,,,,
t_1280417_b_28090_tn_3,,,2623972,7,,0,0,2005.89823411404,0,,,,,1,1,,,,,,,,
t_1280417_b_28090_tn_3,,,2623976,8,,0,0,2368.02320474748,0,,,,,1,1,,,,,,,,
t_1280417_b_28090_tn_3,,,2623979,9,,0,0,2822.75257952259,0,,,,,1,1,,,,,,,,
t_1280417_b_28090_tn_3,,,2623978,10,,0,0,3349.20959140263,0,,,,,1,1,,,,,,,,
t_1280417_b_28090_tn_3,09:07:00,09:07:00,2623980,11,,0,0,3624.20996458776,1,,,,,1,1,,,,,,,,
t_1280417_b_28090_tn_3,,,2623982,12,,0,0,4063.66281683508,0,,,,,1,1,,,,,,,,
t_1280417_b_28090_tn_3,,,2623981,13,,0,0,4415.57124823736,0,,,,,1,1,,,,,,,,
t_1280417_b_28090_tn_3,,,2623983,14,,0,0,4944.19739769097,0,,,,,1,1,,,,,,,,
t_1280417_b_28090_tn_3,,,2623984,15,,0,0,5330.47385092936,0,,,,,1,1,,,,,,,,
t_1280417_b_28090_tn_3,,,2623985,16,,0,0,5610.63465725372,0,,,,,1,1,,,,,,,,
t_1280417_b_28090_tn_3,,,2623986,17,,0,0,6132.78446323376,0,,,,,1,1,,,,,,,,
t_1280417_b_28090_tn_3,09:13:00,09:13:00,2623987,18,,0,0,6480.28999666576,1,,,,,1,1,,,,,,,,
t_1280417_b_28090_tn_3,,,2623988,19,,0,0,6994.58035833876,0,,,,,1,1,,,,,,,,
t_1280417_b_28090_tn_3,,,2623991,20,,0,0,8241.84562441196,0,,,,,1,1,,,,,,,,
t_1280417_b_28090_tn_3,,,2623992,21,,0,0,8894.78212497767,0,,,,,1,1,,,,,,,,
t_1280417_b_28090_tn_3,,,2623830,22,,0,0,9410.85348567032,0,,,,,1,1,,,,,,,,
t_1280417_b_28090_tn_3,,,2623831,23,,0,0,9731.58393690224,0,,,,,1,1,,,,,,,,
t_1280417_b_28090_tn_3,09:30:00,09:30:00,2622517,24,,0,0,10152.22125198,1,,,,,1,1,,,,,,,,
t_1280417_b_28090_tn_4,10:00:00,10:00:00,2622517,1,,0,0,0,1,,,,,1,1,,,,,,,,
t_1280417_b_28090_tn_4,,,2622518,2,,0,0,314.354486245572,0,,,,,1,1,,,,,,,,
t_1280417_b_28090_tn_4,,,2622519,3,,0,0,540.770477644542,0,,,,,1,1,,,,,,,,
t_1280417_b_28090_tn_4,,,2622520,4,,0,0,745.206579768392,0,,,,,1,1,,,,,,,,
t_1280417_b_28090_tn_4,10:02:00,10:02:00,2623824,5,,0,0,1232.9584787822,1,,,,,1,1,,,,,,,,
t_1280417_b_28090_tn_4,,,2623971,6,,0,0,1475.69149817661,0,,,,,1,1,,,,,,,,
t_1280417_b_28090_tn_4,,,2623972,7,,0,0,2005.89823411404,0,,,,,1,1,,,,,,,,
t_1280417_b_28090_tn_4,,,2623976,8,,0,0,2368.02320474748,0,,,,,1,1,,,,,,,,
t_1280417_b_28090_tn_4,,,2623979,9,,0,0,2822.75257952259,0,,,,,1,1,,,,,,,,
t_1280417_b_28090_tn_4,,,2623978,10,,0,0,3349.20959140263,0,,,,,1,1,,,,,,,,
t_1280417_b_28090_tn_4,10:07:00,10:07:00,2623980,11,,0,0,3624.20996458776,1,,,,,1,1,,,,,,,,
t_1280417_b_28090_tn_4,,,2623982,12,,0,0,4063.66281683508,0,,,,,1,1,,,,,,,,
t_1280417_b_28090_tn_4,,,2623981,13,,0,0,4415.57124823736,0,,,,,1,1,,,,,,,,
t_1280417_b_28090_tn_4,,,2623983,14,,0,0,4944.19739769097,0,,,,,1,1,,,,,,,,
t_1280417_b_28090_tn_4,,,2623984,15,,0,0,5330.47385092936,0,,,,,1,1,,,,,,,,
t_1280417_b_28090_tn_4,,,2623985,16,,0,0,5610.63465725372,0,,,,,1,1,,,,,,,,
t_1280417_b_28090_tn_4,,,2623986,17,,0,0,6132.78446323376,0,,,,,1,1,,,,,,,,
t_1280417_b_28090_tn_4,10:13:00,10:13:00,2623987,18,,0,0,6480.28999666576,1,,,,,1,1,,,,,,,,
t_1280417_b_28090_tn_4,,,2623988,19,,0,0,6994.58035833876,0,,,,,1,1,,,,,,,,
t_1280417_b_28090_tn_4,,,2623991,20,,0,0,8241.84562441196,0,,,,,1,1,,,,,,,,
t_1280417_b_28090_tn_4,,,2623992,21,,0,0,8894.78212497767,0,,,,,1,1,,,,,,,,
t_1280417_b_28090_tn_4,,,2623830,22,,0,0,9410.85348567032,0,,,,,1,1,,,,,,,,
t_1280417_b_28090_tn_4,,,2623831,23,,0,0,9731.58393690224,0,,,,,1,1,,,,,,,,
t_1280417_b_28090_tn_4,10:30:00,10:30:00,2622517,24,,0,0,10152.22125198,1,,,,,1,1,,,,,,,,
t_1280417_b_28090_tn_5,11:00:00,11:00:00,2622517,1,,0,0,0,1,,,,,1,1,,,,,,,,
t_1280417_b_28090_tn_5,,,2622518,2,,0,0,314.354486245572,0,,,,,1,1,,,,,,,,
t_1280417_b_28090_tn_5,,,2622519,3,,0,0,540.770477644542,0,,,,,1,1,,,,,,,,
t_1280417_b_28090_tn_5,,,2622520,4,,0,0,745.206579768392,0,,,,,1,1,,,,,,,,
t_1280417_b_28090_tn_5,11:02:00,11:02:00,2623824,5,,0,0,1232.9584787822,1,,,,,1,1,,,,,,,,
t_1280417_b_28090_tn_5,,,2623971,6,,0,0,1475.69149817661,0,,,,,1,1,,,,,,,,
t_1280417_b_28090_tn_5,,,2623972,7,,0,0,2005.89823411404,0,,,,,1,1,,,,,,,,
t_1280417_b_28090_tn_5,,,2623976,8,,0,0,2368.02320474748,0,,,,,1,1,,,,,,,,
t_1280417_b_28090_tn_5,,,2623979,9,,0,0,2822.75257952259,0,,,,,1,1,,,,,,,,
t_1280417_b_28090_tn_5,,,2623978,10,,0,0,3349.20959140263,0,,,,,1,1,,,,,,,,
t_1280417_b_28090_tn_5,11:07:00,11:07:00,2623980,11,,0,0,3624.20996458776,1,,,,,1,1,,,,,,,,
t_1280417_b_28090_tn_5,,,2623982,12,,0,0,4063.66281683508,0,,,,,1,1,,,,,,,,
t_1280417_b_28090_tn_5,,,2623981,13,,0,0,4415.57124823736,0,,,,,1,1,,,,,,,,
t_1280417_b_28090_tn_5,,,2623983,14,,0,0,4944.19739769097,0,,,,,1,1,,,,,,,,
t_1280417_b_28090_tn_5,,,2623984,15,,0,0,5330.47385092936,0,,,,,1,1,,,,,,,,
t_1280417_b_28090_tn_5,,,2623985,16,,0,0,5610.63465725372,0,,,,,1,1,,,,,,,,
t_1280417_b_28090_tn_5,,,2623986,17,,0,0,6132.78446323376,0,,,,,1,1,,,,,,,,
t_1280417_b_28090_tn_5,11:13:00,11:13:00,2623987,18,,0,0,6480.28999666576,1,,,,,1,1,,,,,,,,
t_1280417_b_28090_tn_5,,,2623988,19,,0,0,6994.58035833876,0,,,,,1,1,,,,,,,,
t_1280417_b_28090_tn_5,,,2623991,20,,0,0,8241.84562441196,0,,,,,1,1,,,,,,,,
t_1280417_b_28090_tn_5,,,2623992,21,,0,0,8894.78212497767,0,,,,,1,1,,,,,,,,
t_1280417_b_28090_tn_5,,,2623830,22,,0,0,9410.85348567032,0,,,,,1,1,,,,,,,,
t_1280417_b_28090_tn_5,,,2623831,23,,0,0,9731.58393690224,0,,,,,1,1,,,,,,,,
t_1280417_b_28090_tn_5,11:30:00,11:30:00,2622517,24,,0,0,10152.22125198,1,,,,,1,1,,,,,,,,
t_1280417_b_28090_tn_6,12:00:00,12:00:00,2622517,1,,0,0,0,1,,,,,1,1,,,,,,,,
t_1280417_b_28090_tn_6,,,2622518,2,,0,0,314.354486245572,0,,,,,1,1,,,,,,,,
t_1280417_b_28090_tn_6,,,2622519,3,,0,0,540.770477644542,0,,,,,1,1,,,,,,,,
t_1280417_b_28090_tn_6,,,2622520,4,,0,0,745.206579768392,0,,,,,1,1,,,,,,,,
t_1280417_b_28090_tn_6,12:02:00,12:02:00,2623824,5,,0,0,1232.9584787822,1,,,,,1,1,,,,,,,,
t_1280417_b_28090_tn_6,,,2623971,6,,0,0,1475.69149817661,0,,,,,1,1,,,,,,,,
t_1280417_b_28090_tn_6,,,2623972,7,,0,0,2005.89823411404,0,,,,,1,1,,,,,,,,
t_1280417_b_28090_tn_6,,,2623976,8,,0,0,2368.02320474748,0,,,,,1,1,,,,,,,,
t_1280417_b_28090_tn_6,,,2623979,9,,0,0,2822.75257952259,0,,,,,1,1,,,,,,,,
t_1280417_b_28090_tn_6,,,2623978,10,,0,0,3349.20959140263,0,,,,,1,1,,,,,,,,
t_1280417_b_28090_tn_6,12:07:00,12:07:00,2623980,11,,0,0,3624.20996458776,1,,,,,1,1,,,,,,,,
t_1280417_b_28090_tn_6,,,2623982,12,,0,0,4063.66281683508,0,,,,,1,1,,,,,,,,
t_1280417_b_28090_tn_6,,,2623981,13,,0,0,4415.57124823736,0,,,,,1,1,,,,,,,,
t_1280417_b_28090_tn_6,,,2623983,14,,0,0,4944.19739769097,0,,,,,1,1,,,,,,,,
t_1280417_b_28090_tn_6,,,2623984,15,,0,0,5330.47385092936,0,,,,,1,1,,,,,,,,
t_1280417_b_28090_tn_6,,,2623985,16,,0,0,5610.63465725372,0,,,,,1,1,,,,,,,,
t_1280417_b_28090_tn_6,,,2623986,17,,0,0,6132.78446323376,0,,,,,1,1,,,,,,,,
t_1280417_b_28090_tn_6,12:13:00,12:13:00,2623987,18,,0,0,6480.28999666576,1,,,,,1,1,,,,,,,,
t_1280417_b_28090_tn_6,,,2623988,19,,0,0,6994.58035833876,0,,,,,1,1,,,,,,,,
t_1280417_b_28090_tn_6,,,2623991,20,,0,0,8241.84562441196,0,,,,,1,1,,,,,,,,
t_1280417_b_28090_tn_6,,,2623992,21,,0,0,8894.78212497767,0,,,,,1,1,,,,,,,,
t_1280417_b_28090_tn_6,,,2623830,22,,0,0,9410.85348567032,0,,,,,1,1,,,,,,,,
t_1280417_b_28090_tn_6,,,2623831,23,,0,0,9731.58393690224,0,,,,,1,1,,,,,,,,
t_1280417_b_28090_tn_6,12:30:00,12:30:00,2622517,24,,0,0,10152.22125198,1,,,,,1,1,,,,,,,,
t_1280417_b_28090_tn_7,13:00:00,13:00:00,2622517,1,,0,0,0,1,,,,,1,1,,,,,,,,
t_1280417_b_28090_tn_7,,,2622518,2,,0,0,314.354486245572,0,,,,,1,1,,,,,,,,
t_1280417_b_28090_tn_7,,,2622519,3,,0,0,540.770477644542,0,,,,,1,1,,,,,,,,
t_1280417_b_28090_tn_7,,,2622520,4,,0,0,745.206579768392,0,,,,,1,1,,,,,,,,
t_1280417_b_28090_tn_7,13:02:00,13:02:00,2623824,5,,0,0,1232.9584787822,1,,,,,1,1,,,,,,,,
t_1280417_b_28090_tn_7,,,2623971,6,,0,0,1475.69149817661,0,,,,,1,1,,,,,,,,
t_1280417_b_28090_tn_7,,,2623972,7,,0,0,2005.89823411404,0,,,,,1,1,,,,,,,,
t_1280417_b_28090_tn_7,,,2623976,8,,0,0,2368.02320474748,0,,,,,1,1,,,,,,,,
t_1280417_b_28090_tn_7,,,2623979,9,,0,0,2822.75257952259,0,,,,,1,1,,,,,,,,
t_1280417_b_28090_tn_7,,,2623978,10,,0,0,3349.20959140263,0,,,,,1,1,,,,,,,,
t_1280417_b_28090_tn_7,13:07:00,13:07:00,2623980,11,,0,0,3624.20996458776,1,,,,,1,1,,,,,,,,
t_1280417_b_28090_tn_7,,,2623982,12,,0,0,4063.66281683508,0,,,,,1,1,,,,,,,,
t_1280417_b_28090_tn_7,,,2623981,13,,0,0,4415.57124823736,0,,,,,1,1,,,,,,,,
t_1280417_b_28090_tn_7,,,2623983,14,,0,0,4944.19739769097,0,,,,,1,1,,,,,,,,
t_1280417_b_28090_tn_7,,,2623984,15,,0,0,5330.47385092936,0,,,,,1,1,,,,,,,,
t_1280417_b_28090_tn_7,,,2623985,16,,0,0,5610.63465725372,0,,,,,1,1,,,,,,,,
t_1280417_b_28090_tn_7,,,2623986,17,,0,0,6132.78446323376,0,,,,,1,1,,,,,,,,
t_1280417_b_28090_tn_7,13:13:00,13:13:00,2623987,18,,0,0,6480.28999666576,1,,,,,1,1,,,,,,,,
t_1280417_b_28090_tn_7,,,2623988,19,,0,0,6994.58035833876,0,,,,,1,1,,,,,,,,
t_1280417_b_28090_tn_7,,,2623991,20,,0,0,8241.84562441196,0,,,,,1,1,,,,,,,,
t_1280417_b_28090_tn_7,,,2623992,21,,0,0,8894.78212497767,0,,,,,1,1,,,,,,,,
t_1280417_b_28090_tn_7,,,2623830,22,,0,0,9410.85348567032,0,,,,,1,1,,,,,,,,
t_1280417_b_28090_tn_7,,,2623831,23,,0,0,9731.58393690224,0,,,,,1,1,,,,,,,,
t_1280417_b_28090_tn_7,13:30:00,13:30:00,2622517,24,,0,0,10152.22125198,1,,,,,1,1,,,,,,,,
t_1280417_b_28090_tn_8,14:00:00,14:00:00,2622517,1,,0,0,0,1,,,,,1,1,,,,,,,,
t_1280417_b_28090_tn_8,,,2622518,2,,0,0,314.354486245572,0,,,,,1,1,,,,,,,,
t_1280417_b_28090_tn_8,,,2622519,3,,0,0,540.770477644542,0,,,,,1,1,,,,,,,,
t_1280417_b_28090_tn_8,,,2622520,4,,0,0,745.206579768392,0,,,,,1,1,,,,,,,,
t_1280417_b_28090_tn_8,14:02:00,14:02:00,2623824,5,,0,0,1232.9584787822,1,,,,,1,1,,,,,,,,
t_1280417_b_28090_tn_8,,,2623971,6,,0,0,1475.69149817661,0,,,,,1,1,,,,,,,,
t_1280417_b_28090_tn_8,,,2623972,7,,0,0,2005.89823411404,0,,,,,1,1,,,,,,,,
t_1280417_b_28090_tn_8,,,2623976,8,,0,0,2368.02320474748,0,,,,,1,1,,,,,,,,
t_1280417_b_28090_tn_8,,,2623979,9,,0,0,2822.75257952259,0,,,,,1,1,,,,,,,,
t_1280417_b_28090_tn_8,,,2623978,10,,0,0,3349.20959140263,0,,,,,1,1,,,,,,,,
t_1280417_b_28090_tn_8,14:07:00,14:07:00,2623980,11,,0,0,3624.20996458776,1,,,,,1,1,,,,,,,,
t_1280417_b_28090_tn_8,,,2623982,12,,0,0,4063.66281683508,0,,,,,1,1,,,,,,,,
t_1280417_b_28090_tn_8,,,2623981,13,,0,0,4415.57124823736,0,,,,,1,1,,,,,,,,
t_1280417_b_28090_tn_8,,,2623983,14,,0,0,4944.19739769097,0,,,,,1,1,,,,,,,,
t_1280417_b_28090_tn_8,,,2623984,15,,0,0,5330.47385092936,0,,,,,1,1,,,,,,,,
t_1280417_b_28090_tn_8,,,2623985,16,,0,0,5610.63465725372,0,,,,,1,1,,,,,,,,
t_1280417_b_28090_tn_8,,,2623986,17,,0,0,6132.78446323376,0,,,,,1,1,,,,,,,,
t_1280417_b_28090_tn_8,14:13:00,14:13:00,2623987,18,,0,0,6480.28999666576,1,,,,,1,1,,,,,,,,
t_1280417_b_28090_tn_8,,,2623988,19,,0,0,6994.58035833876,0,,,,,1,1,,,,,,,,
t_1280417_b_28090_tn_8,,,2623991,20,,0,0,8241.84562441196,0,,,,,1,1,,,,,,,,
t_1280417_b_28090_tn_8,,,2623992,21,,0,0,8894.78212497767,0,,,,,1,1,,,,,,,,
t_1280417_b_28090_tn_8,,,2623830,22,,0,0,9410.85348567032,0,,,,,1,1,,,,,,,,
t_1280417_b_28090_tn_8,,,2623831,23,,0,0,9731.58393690224,0,,,,,1,1,,,,,,,,
t_1280417_b_28090_tn_8,14:30:00,14:30:00,2622517,24,,0,0,10152.22125198,1,,,,,1,1,,,,,,,,
t_1280417_b_28090_tn_9,15:00:00,15:00:00,2622517,1,,0,0,0,1,,,,,1,1,,,,,,,,
t_1280417_b_28090_tn_9,,,2622518,2,,0,0,314.354486245572,0,,,,,1,1,,,,,,,,
t_1280417_b_28090_tn_9,,,2622519,3,,0,0,540.770477644542,0,,,,,1,1,,,,,,,,
t_1280417_b_28090_tn_9,,,2622520,4,,0,0,745.206579768392,0,,,,,1,1,,,,,,,,
t_1280417_b_28090_tn_9,15:02:00,15:02:00,2623824,5,,0,0,1232.9584787822,1,,,,,1,1,,,,,,,,
t_1280417_b_28090_tn_9,,,2623971,6,,0,0,1475.69149817661,0,,,,,1,1,,,,,,,,
t_1280417_b_28090_tn_9,,,2623972,7,,0,0,2005.89823411404,0,,,,,1,1,,,,,,,,
t_1280417_b_28090_tn_9,,,2623976,8,,0,0,2368.02320474748,0,,,,,1,1,,,,,,,,
t_1280417_b_28090_tn_9,,,2623979,9,,0,0,2822.75257952259,0,,,,,1,1,,,,,,,,
t_1280417_b_28090_tn_9,,,2623978,10,,0,0,3349.20959140263,0,,,,,1,1,,,,,,,,
t_1280417_b_28090_tn_9,15:07:00,15:07:00,2623980,11,,0,0,3624.20996458776,1,,,,,1,1,,,,,,,,
t_1280417_b_28090_tn_9,,,2623982,12,,0,0,4063.66281683508,0,,,,,1,1,,,,,,,,
t_1280417_b_28090_tn_9,,,2623981,13,,0,0,4415.57124823736,0,,,,,1,1,,,,,,,,
t_1280417_b_28090_tn_9,,,2623983,14,,0,0,4944.19739769097,0,,,,,1,1,,,,,,,,
t_1280417_b_28090_tn_9,,,2623984,15,,0,0,5330.47385092936,0,,,,,1,1,,,,,,,,
t_1280417_b_28090_tn_9,,,2623985,16,,0,0,5610.63465725372,0,,,,,1,1,,,,,,,,
t_1280417_b_28090_tn_9,,,2623986,17,,0,0,6132.78446323376,0,,,,,1,1,,,,,,,,
t_1280417_b_28090_tn_9,15:13:00,15:13:00,2623987,18,,0,0,6480.28999666576,1,,,,,1,1,,,,,,,,
t_1280417_b_28090_tn_9,,,2623988,19,,0,0,6994.58035833876,0,,,,,1,1,,,,,,,,
t_1280417_b_28090_tn_9,,,2623991,20,,0,0,8241.84562441196,0,,,,,1,1,,,,,,,,
t_1280417_b_28090_tn_9,,,2623992,21,,0,0,8894.78212497767,0,,,,,1,1,,,,,,,,
t_1280417_b_28090_tn_9,,,2623830,22,,0,0,9410.85348567032,0,,,,,1,1,,,,,,,,
t_1280417_b_28090_tn_9,,,2623831,23,,0,0,9731.58393690224,0,,,,,1,1,,,,,,,,
t_1280417_b_28090_tn_9,15:30:00,15:30:00,2622517,24,,0,0,10152.22125198,1,,,,,1,1,,,,,,,,
t_1280418_b_28090_tn_1,07:30:00,07:30:00,2622517,1,,0,0,0,1,,,,,1,1,,,,,,,,
t_1280418_b_28090_tn_1,,,2622518,2,,0,0,314.354486245572,0,,,,,1,1,,,,,,,,
t_1280418_b_28090_tn_1,,,2622519,3,,0,0,540.770477644542,0,,,,,1,1,,,,,,,,
t_1280418_b_28090_tn_1,,,2622520,4,,0,0,745.206579768392,0,,,,,1,1,,,,,,,,
t_1280418_b_28090_tn_1,07:32:00,07:32:00,2623824,5,,0,0,1232.9584787822,1,,,,,1,1,,,,,,,,
t_1280418_b_28090_tn_1,,,2623971,6,,0,0,1475.69149817661,0,,,,,1,1,,,,,,,,
t_1280418_b_28090_tn_1,,,2623972,7,,0,0,2005.89823411404,0,,,,,1,1,,,,,,,,
t_1280418_b_28090_tn_1,,,2623976,8,,0,0,2368.02320474748,0,,,,,1,1,,,,,,,,
t_1280418_b_28090_tn_1,,,2623979,9,,0,0,2822.75257952259,0,,,,,1,1,,,,,,,,
t_1280418_b_28090_tn_1,,,2623978,10,,0,0,3349.20959140263,0,,,,,1,1,,,,,,,,
t_1280418_b_28090_tn_1,07:37:00,07:37:00,2623980,11,,0,0,3624.20996458776,1,,,,,1,1,,,,,,,,
t_1280418_b_28090_tn_1,,,2623982,12,,0,0,4063.66281683508,0,,,,,1,1,,,,,,,,
t_1280418_b_28090_tn_1,,,2623981,13,,0,0,4415.57124823736,0,,,,,1,1,,,,,,,,
t_1280418_b_28090_tn_1,,,2623983,14,,0,0,4944.19739769097,0,,,,,1,1,,,,,,,,
t_1280418_b_28090_tn_1,,,2623984,15,,0,0,5330.47385092936,0,,,,,1,1,,,,,,,,
t_1280418_b_28090_tn_1,,,2623985,16,,0,0,5610.63465725372,0,,,,,1,1,,,,,,,,
t_1280418_b_28090_tn_1,,,2623986,17,,0,0,6132.78446323376,0,,,,,1,1,,,,,,,,
t_1280418_b_28090_tn_1,07:43:00,07:43:00,2623987,18,,0,0,6480.28999666576,1,,,,,1,1,,,,,,,,
t_1280418_b_28090_tn_1,,,2623988,19,,0,0,6994.58035833876,0,,,,,1,1,,,,,,,,
t_1280418_b_28090_tn_1,,,2623990,20,,0,0,7373.81403638757,0,,,,,1,1,,,,,,,,
t_1280418_b_28090_tn_1,07:47:00,07:47:00,2623823,21,,0,0,8240.7653043782,1,,,,,1,1,,,,,,,,
t_1280418_b_28090_tn_1,,,2623825,22,,0,0,8782.43840090563,0,,,,,1,1,,,,,,,,
t_1280418_b_28090_tn_1,,,2623826,23,,0,0,9273.72027680172,0,,,,,1,1,,,,,,,,
t_1280418_b_28090_tn_1,07:51:00,07:51:00,2623827,24,,0,0,10500.9946667323,1,,,,,1,1,,,,,,,,
t_1280418_b_28090_tn_1,,,2623828,25,,0,0,10940.8781902188,0,,,,,1,1,,,,,,,,
t_1280418_b_28090_tn_1,,,2623989,26,,0,0,11447.4222984691,0,,,,,1,1,,,,,,,,
t_1280418_b_28090_tn_1,,,2623991,27,,0,0,12861.9913772462,0,,,,,1,1,,,,,,,,
t_1280418_b_28090_tn_1,,,2623992,28,,0,0,13514.9278778119,0,,,,,1,1,,,,,,,,
t_1280418_b_28090_tn_1,,,2623830,29,,0,0,14030.9992385046,0,,,,,1,1,,,,,,,,
t_1280418_b_28090_tn_1,,,2623831,30,,0,0,14351.7296897365,0,,,,,1,1,,,,,,,,
t_1280418_b_28090_tn_1,08:00:00,08:00:00,2622517,31,,0,0,14772.3670048,1,,,,,1,1,,,,,,,,
t_1280418_b_28090_tn_10,16:30:00,16:30:00,2622517,1,,0,0,0,1,,,,,1,1,,,,,,,,
t_1280418_b_28090_tn_10,,,2622518,2,,0,0,314.354486245572,0,,,,,1,1,,,,,,,,
t_1280418_b_28090_tn_10,,,2622519,3,,0,0,540.770477644542,0,,,,,1,1,,,,,,,,
t_1280418_b_28090_tn_10,,,2622520,4,,0,0,745.206579768392,0,,,,,1,1,,,,,,,,
t_1280418_b_28090_tn_10,16:32:00,16:32:00,2623824,5,,0,0,1232.9584787822,1,,,,,1,1,,,,,,,,
t_1280418_b_28090_tn_10,,,2623971,6,,0,0,1475.69149817661,0,,,,,1,1,,,,,,,,
t_1280418_b_28090_tn_10,,,2623972,7,,0,0,2005.89823411404,0,,,,,1,1,,,,,,,,
t_1280418_b_28090_tn_10,,,2623976,8,,0,0,2368.02320474748,0,,,,,1,1,,,,,,,,
t_1280418_b_28090_tn_10,,,2623979,9,,0,0,2822.75257952259,0,,,,,1,1,,,,,,,,
t_1280418_b_28090_tn_10,,,2623978,10,,0,0,3349.20959140263,0,,,,,1,1,,,,,,,,
t_1280418_b_28090_tn_10,16:37:00,16:37:00,2623980,11,,0,0,3624.20996458776,1,,,,,1,1,,,,,,,,
t_1280418_b_28090_tn_10,,,2623982,12,,0,0,4063.66281683508,0,,,,,1,1,,,,,,,,
t_1280418_b_28090_tn_10,,,2623981,13,,0,0,4415.57124823736,0,,,,,1,1,,,,,,,,
t_1280418_b_28090_tn_10,,,2623983,14,,0,0,4944.19739769097,0,,,,,1,1,,,,,,,,
t_1280418_b_28090_tn_10,,,2623984,15,,0,0,5330.47385092936,0,,,,,1,1,,,,,,,,
t_1280418_b_28090_tn_10,,,2623985,16,,0,0,5610.63465725372,0,,,,,1,1,,,,,,,,
t_1280418_b_28090_tn_10,,,2623986,17,,0,0,6132.78446323376,0,,,,,1,1,,,,,,,,
t_1280418_b_28090_tn_10,16:43:00,16:43:00,2623987,18,,0,0,6480.28999666576,1,,,,,1,1,,,,,,,,
t_1280418_b_28090_tn_10,,,2623988,19,,0,0,6994.58035833876,0,,,,,1,1,,,,,,,,
t_1280418_b_28090_tn_10,,,2623990,20,,0,0,7373.81403638757,0,,,,,1,1,,,,,,,,
t_1280418_b_28090_tn_10,16:47:00,16:47:00,2623823,21,,0,0,8240.7653043782,1,,,,,1,1,,,,,,,,
t_1280418_b_28090_tn_10,,,2623825,22,,0,0,8782.43840090563,0,,,,,1,1,,,,,,,,
t_1280418_b_28090_tn_10,,,2623826,23,,0,0,9273.72027680172,0,,,,,1,1,,,,,,,,
t_1280418_b_28090_tn_10,16:51:00,16:51:00,2623827,24,,0,0,10500.9946667323,1,,,,,1,1,,,,,,,,
t_1280418_b_28090_tn_10,,,2623828,25,,0,0,10940.8781902188,0,,,,,1,1,,,,,,,,
t_1280418_b_28090_tn_10,,,2623989,26,,0,0,11447.4222984691,0,,,,,1,1,,,,,,,,
t_1280418_b_28090_tn_10,,,2623991,27,,0,0,12861.9913772462,0,,,,,1,1,,,,,,,,
t_1280418_b_28090_tn_10,,,2623992,28,,0,0,13514.9278778119,0,,,,,1,1,,,,,,,,
t_1280418_b_28090_tn_10,,,2623830,29,,0,0,14030.9992385046,0,,,,,1,1,,,,,,,,
t_1280418_b_28090_tn_10,,,2623831,30,,0,0,14351.7296897365,0,,,,,1,1,,,,,,,,
t_1280418_b_28090_tn_10,17:00:00,17:00:00,2622517,31,,0,0,14772.3670048,1,,,,,1,1,,,,,,,,
t_1280418_b_28090_tn_2,08:30:00,08:30:00,2622517,1,,0,0,0,1,,,,,1,1,,,,,,,,
t_1280418_b_28090_tn_2,,,2622518,2,,0,0,314.354486245572,0,,,,,1,1,,,,,,,,
t_1280418_b_28090_tn_2,,,2622519,3,,0,0,540.770477644542,0,,,,,1,1,,,,,,,,
t_1280418_b_28090_tn_2,,,2622520,4,,0,0,745.206579768392,0,,,,,1,1,,,,,,,,
t_1280418_b_28090_tn_2,08:32:00,08:32:00,2623824,5,,0,0,1232.9584787822,1,,,,,1,1,,,,,,,,
t_1280418_b_28090_tn_2,,,2623971,6,,0,0,1475.69149817661,0,,,,,1,1,,,,,,,,
t_1280418_b_28090_tn_2,,,2623972,7,,0,0,2005.89823411404,0,,,,,1,1,,,,,,,,
t_1280418_b_28090_tn_2,,,2623976,8,,0,0,2368.02320474748,0,,,,,1,1,,,,,,,,
t_1280418_b_28090_tn_2,,,2623979,9,,0,0,2822.75257952259,0,,,,,1,1,,,,,,,,
t_1280418_b_28090_tn_2,,,2623978,10,,0,0,3349.20959140263,0,,,,,1,1,,,,,,,,
t_1280418_b_28090_tn_2,08:37:00,08:37:00,2623980,11,,0,0,3624.20996458776,1,,,,,1,1,,,,,,,,
t_1280418_b_28090_tn_2,,,2623982,12,,0,0,4063.66281683508,0,,,,,1,1,,,,,,,,
t_1280418_b_28090_tn_2,,,2623981,13,,0,0,4415.57124823736,0,,,,,1,1,,,,,,,,
t_1280418_b_28090_tn_2,,,2623983,14,,0,0,4944.19739769097,0,,,,,1,1,,,,,,,,
t_1280418_b_28090_tn_2,,,2623984,15,,0,0,5330.47385092936,0,,,,,1,1,,,,,,,,
t_1280418_b_28090_tn_2,,,2623985,16,,0,0,5610.63465725372,0,,,,,1,1,,,,,,,,
t_1280418_b_28090_tn_2,,,2623986,17,,0,0,6132.78446323376,0,,,,,1,1,,,,,,,,
t_1280418_b_28090_tn_2,08:43:00,08:43:00,2623987,18,,0,0,6480.28999666576,1,,,,,1,1,,,,,,,,
t_1280418_b_28090_tn_2,,,2623988,19,,0,0,6994.58035833876,0,,,,,1,1,,,,,,,,
t_1280418_b_28090_tn_2,,,2623990,20,,0,0,7373.81403638757,0,,,,,1,1,,,,,,,,
t_1280418_b_28090_tn_2,08:47:00,08:47:00,2623823,21,,0,0,8240.7653043782,1,,,,,1,1,,,,,,,,
t_1280418_b_28090_tn_2,,,2623825,22,,0,0,8782.43840090563,0,,,,,1,1,,,,,,,,
t_1280418_b_28090_tn_2,,,2623826,23,,0,0,9273.72027680172,0,,,,,1,1,,,,,,,,
t_1280418_b_28090_tn_2,08:51:00,08:51:00,2623827,24,,0,0,10500.9946667323,1,,,,,1,1,,,,,,,,
t_1280418_b_28090_tn_2,,,2623828,25,,0,0,10940.8781902188,0,,,,,1,1,,,,,,,,
t_1280418_b_28090_tn_2,,,2623989,26,,0,0,11447.4222984691,0,,,,,1,1,,,,,,,,
t_1280418_b_28090_tn_2,,,2623991,27,,0,0,12861.9913772462,0,,,,,1,1,,,,,,,,
t_1280418_b_28090_tn_2,,,2623992,28,,0,0,13514.9278778119,0,,,,,1,1,,,,,,,,
t_1280418_b_28090_tn_2,,,2623830,29,,0,0,14030.9992385046,0,,,,,1,1,,,,,,,,
t_1280418_b_28090_tn_2,,,2623831,30,,0,0,14351.7296897365,0,,,,,1,1,,,,,,,,
t_1280418_b_28090_tn_2,09:00:00,09:00:00,2622517,31,,0,0,14772.3670048,1,,,,,1,1,,,,,,,,
t_1280418_b_28090_tn_3,09:30:00,09:30:00,2622517,1,,0,0,0,1,,,,,1,1,,,,,,,,
t_1280418_b_28090_tn_3,,,2622518,2,,0,0,314.354486245572,0,,,,,1,1,,,,,,,,
t_1280418_b_28090_tn_3,,,2622519,3,,0,0,540.770477644542,0,,,,,1,1,,,,,,,,
t_1280418_b_28090_tn_3,,,2622520,4,,0,0,745.206579768392,0,,,,,1,1,,,,,,,,
t_1280418_b_28090_tn_3,09:32:00,09:32:00,2623824,5,,0,0,1232.9584787822,1,,,,,1,1,,,,,,,,
t_1280418_b_28090_tn_3,,,2623971,6,,0,0,1475.69149817661,0,,,,,1,1,,,,,,,,
t_1280418_b_28090_tn_3,,,2623972,7,,0,0,2005.89823411404,0,,,,,1,1,,,,,,,,
t_1280418_b_28090_tn_3,,,2623976,8,,0,0,2368.02320474748,0,,,,,1,1,,,,,,,,
t_1280418_b_28090_tn_3,,,2623979,9,,0,0,2822.75257952259,0,,,,,1,1,,,,,,,,
t_1280418_b_28090_tn_3,,,2623978,10,,0,0,3349.20959140263,0,,,,,1,1,,,,,,,,
t_1280418_b_28090_tn_3,09:37:00,09:37:00,2623980,11,,0,0,3624.20996458776,1,,,,,1,1,,,,,,,,
t_1280418_b_28090_tn_3,,,2623982,12,,0,0,4063.66281683508,0,,,,,1,1,,,,,,,,
t_1280418_b_28090_tn_3,,,2623981,13,,0,0,4415.57124823736,0,,,,,1,1,,,,,,,,
t_1280418_b_28090_tn_3,,,2623983,14,,0,0,4944.19739769097,0,,,,,1,1,,,,,,,,
t_1280418_b_28090_tn_3,,,2623984,15,,0,0,5330.47385092936,0,,,,,1,1,,,,,,,,
t_1280418_b_28090_tn_3,,,2623985,16,,0,0,5610.63465725372,0,,,,,1,1,,,,,,,,
t_1280418_b_28090_tn_3,,,2623986,17,,0,0,6132.78446323376,0,,,,,1,1,,,,,,,,
t_1280418_b_28090_tn_3,09:43:00,09:43:00,2623987,18,,0,0,6480.28999666576,1,,,,,1,1,,,,,,,,
t_1280418_b_28090_tn_3,,,2623988,19,,0,0,6994.58035833876,0,,,,,1,1,,,,,,,,
t_1280418_b_28090_tn_3,,,2623990,20,,0,0,7373.81403638757,0,,,,,1,1,,,,,,,,
t_1280418_b_28090_tn_3,09:47:00,09:47:00,2623823,21,,0,0,8240.7653043782,1,,,,,1,1,,,,,,,,
t_1280418_b_28090_tn_3,,,2623825,22,,0,0,8782.43840090563,0,,,,,1,1,,,,,,,,
t_1280418_b_28090_tn_3,,,2623826,23,,0,0,9273.72027680172,0,,,,,1,1,,,,,,,,
t_1280418_b_28090_tn_3,09:51:00,09:51:00,2623827,24,,0,0,10500.9946667323,1,,,,,1,1,,,,,,,,
t_1280418_b_28090_tn_3,,,2623828,25,,0,0,10940.8781902188,0,,,,,1,1,,,,,,,,
t_1280418_b_28090_tn_3,,,2623989,26,,0,0,11447.4222984691,0,,,,,1,1,,,,,,,,
t_1280418_b_28090_tn_3,,,2623991,27,,0,0,12861.9913772462,0,,,,,1,1,,,,,,,,
t_1280418_b_28090_tn_3,,,2623992,28,,0,0,13514.9278778119,0,,,,,1,1,,,,,,,,
t_1280418_b_28090_tn_3,,,2623830,29,,0,0,14030.9992385046,0,,,,,1,1,,,,,,,,
t_1280418_b_28090_tn_3,,,2623831,30,,0,0,14351.7296897365,0,,,,,1,1,,,,,,,,
t_1280418_b_28090_tn_3,10:00:00,10:00:00,2622517,31,,0,0,14772.3670048,1,,,,,1,1,,,,,,,,
t_1280418_b_28090_tn_4,10:30:00,10:30:00,2622517,1,,0,0,0,1,,,,,1,1,,,,,,,,
t_1280418_b_28090_tn_4,,,2622518,2,,0,0,314.354486245572,0,,,,,1,1,,,,,,,,
t_1280418_b_28090_tn_4,,,2622519,3,,0,0,540.770477644542,0,,,,,1,1,,,,,,,,
t_1280418_b_28090_tn_4,,,2622520,4,,0,0,745.206579768392,0,,,,,1,1,,,,,,,,
t_1280418_b_28090_tn_4,10:32:00,10:32:00,2623824,5,,0,0,1232.9584787822,1,,,,,1,1,,,,,,,,
t_1280418_b_28090_tn_4,,,2623971,6,,0,0,1475.69149817661,0,,,,,1,1,,,,,,,,
t_1280418_b_28090_tn_4,,,2623972,7,,0,0,2005.89823411404,0,,,,,1,1,,,,,,,,
t_1280418_b_28090_tn_4,,,2623976,8,,0,0,2368.02320474748,0,,,,,1,1,,,,,,,,
t_1280418_b_28090_tn_4,,,2623979,9,,0,0,2822.75257952259,0,,,,,1,1,,,,,,,,
t_1280418_b_28090_tn_4,,,2623978,10,,0,0,3349.20959140263,0,,,,,1,1,,,,,,,,
t_1280418_b_28090_tn_4,10:37:00,10:37:00,2623980,11,,0,0,3624.20996458776,1,,,,,1,1,,,,,,,,
t_1280418_b_28090_tn_4,,,2623982,12,,0,0,4063.66281683508,0,,,,,1,1,,,,,,,,
t_1280418_b_28090_tn_4,,,2623981,13,,0,0,4415.57124823736,0,,,,,1,1,,,,,,,,
t_1280418_b_28090_tn_4,,,2623983,14,,0,0,4944.19739769097,0,,,,,1,1,,,,,,,,
t_1280418_b_28090_tn_4,,,2623984,15,,0,0,5330.47385092936,0,,,,,1,1,,,,,,,,
t_1280418_b_28090_tn_4,,,2623985,16,,0,0,5610.63465725372,0,,,,,1,1,,,,,,,,
t_1280418_b_28090_tn_4,,,2623986,17,,0,0,6132.78446323376,0,,,,,1,1,,,,,,,,
t_1280418_b_28090_tn_4,10:43:00,10:43:00,2623987,18,,0,0,6480.28999666576,1,,,,,1,1,,,,,,,,
t_1280418_b_28090_tn_4,,,2623988,19,,0,0,6994.58035833876,0,,,,,1,1,,,,,,,,
t_1280418_b_28090_tn_4,,,2623990,20,,0,0,7373.81403638757,0,,,,,1,1,,,,,,,,
t_1280418_b_28090_tn_4,10:47:00,10:47:00,2623823,21,,0,0,8240.7653043782,1,,,,,1,1,,,,,,,,
t_1280418_b_28090_tn_4,,,2623825,22,,0,0,8782.43840090563,0,,,,,1,1,,,,,,,,
t_1280418_b_28090_tn_4,,,2623826,23,,0,0,9273.72027680172,0,,,,,1,1,,,,,,,,
t_1280418_b_28090_tn_4,10:51:00,10:51:00,2623827,24,,0,0,10500.9946667323,1,,,,,1,1,,,,,,,,
t_1280418_b_28090_tn_4,,,2623828,25,,0,0,10940.8781902188,0,,,,,1,1,,,,,,,,
t_1280418_b_28090_tn_4,,,2623989,26,,0,0,11447.4222984691,0,,,,,1,1,,,,,,,,
t_1280418_b_28090_tn_4,,,2623991,27,,0,0,12861.9913772462,0,,,,,1,1,,,,,,,,
t_1280418_b_28090_tn_4,,,2623992,28,,0,0,13514.9278778119,0,,,,,1,1,,,,,,,,
t_1280418_b_28090_tn_4,,,2623830,29,,0,0,14030.9992385046,0,,,,,1,1,,,,,,,,
t_1280418_b_28090_tn_4,,,2623831,30,,0,0,14351.7296897365,0,,,,,1,1,,,,,,,,
t_1280418_b_28090_tn_4,11:00:00,11:00:00,2622517,31,,0,0,14772.3670048,1,,,,,1,1,,,,,,,,
t_1280418_b_28090_tn_5,11:30:00,11:30:00,2622517,1,,0,0,0,1,,,,,1,1,,,,,,,,
t_1280418_b_28090_tn_5,,,2622518,2,,0,0,314.354486245572,0,,,,,1,1,,,,,,,,
t_1280418_b_28090_tn_5,,,2622519,3,,0,0,540.770477644542,0,,,,,1,1,,,,,,,,
t_1280418_b_28090_tn_5,,,2622520,4,,0,0,745.206579768392,0,,,,,1,1,,,,,,,,
t_1280418_b_28090_tn_5,11:32:00,11:32:00,2623824,5,,0,0,1232.9584787822,1,,,,,1,1,,,,,,,,
t_1280418_b_28090_tn_5,,,2623971,6,,0,0,1475.69149817661,0,,,,,1,1,,,,,,,,
t_1280418_b_28090_tn_5,,,2623972,7,,0,0,2005.89823411404,0,,,,,1,1,,,,,,,,
t_1280418_b_28090_tn_5,,,2623976,8,,0,0,2368.02320474748,0,,,,,1,1,,,,,,,,
t_1280418_b_28090_tn_5,,,2623979,9,,0,0,2822.75257952259,0,,,,,1,1,,,,,,,,
t_1280418_b_28090_tn_5,,,2623978,10,,0,0,3349.20959140263,0,,,,,1,1,,,,,,,,
t_1280418_b_28090_tn_5,11:37:00,11:37:00,2623980,11,,0,0,3624.20996458776,1,,,,,1,1,,,,,,,,
t_1280418_b_28090_tn_5,,,2623982,12,,0,0,4063.66281683508,0,,,,,1,1,,,,,,,,
t_1280418_b_28090_tn_5,,,2623981,13,,0,0,4415.57124823736,0,,,,,1,1,,,,,,,,
t_1280418_b_28090_tn_5,,,2623983,14,,0,0,4944.19739769097,0,,,,,1,1,,,,,,,,
t_1280418_b_28090_tn_5,,,2623984,15,,0,0,5330.47385092936,0,,,,,1,1,,,,,,,,
t_1280418_b_28090_tn_5,,,2623985,16,,0,0,5610.63465725372,0,,,,,1,1,,,,,,,,
t_1280418_b_28090_tn_5,,,2623986,17,,0,0,6132.78446323376,0,,,,,1,1,,,,,,,,
t_1280418_b_28090_tn_5,11:43:00,11:43:00,2623987,18,,0,0,6480.28999666576,1,,,,,1,1,,,,,,,,
t_1280418_b_28090_tn_5,,,2623988,19,,0,0,6994.58035833876,0,,,,,1,1,,,,,,,,
t_1280418_b_28090_tn_5,,,2623990,20,,0,0,7373.81403638757,0,,,,,1,1,,,,,,,,
t_1280418_b_28090_tn_5,11:47:00,11:47:00,2623823,21,,0,0,8240.7653043782,1,,,,,1,1,,,,,,,,
t_1280418_b_28090_tn_5,,,2623825,22,,0,0,8782.43840090563,0,,,,,1,1,,,,,,,,
t_1280418_b_28090_tn_5,,,2623826,23,,0,0,9273.72027680172,0,,,,,1,1,,,,,,,,
t_1280418_b_28090_tn_5,11:51:00,11:51:00,2623827,24,,0,0,10500.9946667323,1,,,,,1,1,,,,,,,,
t_1280418_b_28090_tn_5,,,2623828,25,,0,0,10940.8781902188,0,,,,,1,1,,,,,,,,
t_1280418_b_28090_tn_5,,,2623989,26,,0,0,11447.4222984691,0,,,,,1,1,,,,,,,,
t_1280418_b_28090_tn_5,,,2623991,27,,0,0,12861.9913772462,0,,,,,1,1,,,,,,,,
t_1280418_b_28090_tn_5,,,2623992,28,,0,0,13514.9278778119,0,,,,,1,1,,,,,,,,
t_1280418_b_28090_tn_5,,,2623830,29,,0,0,14030.9992385046,0,,,,,1,1,,,,,,,,
t_1280418_b_28090_tn_5,,,2623831,30,,0,0,14351.7296897365,0,,,,,1,1,,,,,,,,
t_1280418_b_28090_tn_5,12:00:00,12:00:00,2622517,31,,0,0,14772.3670048,1,,,,,1,1,,,,,,,,
t_1280418_b_28090_tn_6,12:30:00,12:30:00,2622517,1,,0,0,0,1,,,,,1,1,,,,,,,,
t_1280418_b_28090_tn_6,,,2622518,2,,0,0,314.354486245572,0,,,,,1,1,,,,,,,,
t_1280418_b_28090_tn_6,,,2622519,3,,0,0,540.770477644542,0,,,,,1,1,,,,,,,,
t_1280418_b_28090_tn_6,,,2622520,4,,0,0,745.206579768392,0,,,,,1,1,,,,,,,,
t_1280418_b_28090_tn_6,12:32:00,12:32:00,2623824,5,,0,0,1232.9584787822,1,,,,,1,1,,,,,,,,
t_1280418_b_28090_tn_6,,,2623971,6,,0,0,1475.69149817661,0,,,,,1,1,,,,,,,,
t_1280418_b_28090_tn_6,,,2623972,7,,0,0,2005.89823411404,0,,,,,1,1,,,,,,,,
t_1280418_b_28090_tn_6,,,2623976,8,,0,0,2368.02320474748,0,,,,,1,1,,,,,,,,
t_1280418_b_28090_tn_6,,,2623979,9,,0,0,2822.75257952259,0,,,,,1,1,,,,,,,,
t_1280418_b_28090_tn_6,,,2623978,10,,0,0,3349.20959140263,0,,,,,1,1,,,,,,,,
t_1280418_b_28090_tn_6,12:37:00,12:37:00,2623980,11,,0,0,3624.20996458776,1,,,,,1,1,,,,,,,,
t_1280418_b_28090_tn_6,,,2623982,12,,0,0,4063.66281683508,0,,,,,1,1,,,,,,,,
t_1280418_b_28090_tn_6,,,2623981,13,,0,0,4415.57124823736,0,,,,,1,1,,,,,,,,
t_1280418_b_28090_tn_6,,,2623983,14,,0,0,4944.19739769097,0,,,,,1,1,,,,,,,,
t_1280418_b_28090_tn_6,,,2623984,15,,0,0,5330.47385092936,0,,,,,1,1,,,,,,,,
t_1280418_b_28090_tn_6,,,2623985,16,,0,0,5610.63465725372,0,,,,,1,1,,,,,,,,
t_1280418_b_28090_tn_6,,,2623986,17,,0,0,6132.78446323376,0,,,,,1,1,,,,,,,,
t_1280418_b_28090_tn_6,12:43:00,12:43:00,2623987,18,,0,0,6480.28999666576,1,,,,,1,1,,,,,,,,
t_1280418_b_28090_tn_6,,,2623988,19,,0,0,6994.58035833876,0,,,,,1,1,,,,,,,,
t_1280418_b_28090_tn_6,,,2623990,20,,0,0,7373.81403638757,0,,,,,1,1,,,,,,,,
t_1280418_b_28090_tn_6,12:47:00,12:47:00,2623823,21,,0,0,8240.7653043782,1,,,,,1,1,,,,,,,,
t_1280418_b_28090_tn_6,,,2623825,22,,0,0,8782.43840090563,0,,,,,1,1,,,,,,,,
t_1280418_b_28090_tn_6,,,2623826,23,,0,0,9273.72027680172,0,,,,,1,1,,,,,,,,
t_1280418_b_28090_tn_6,12:51:00,12:51:00,2623827,24,,0,0,10500.9946667323,1,,,,,1,1,,,,,,,,
t_1280418_b_28090_tn_6,,,2623828,25,,0,0,10940.8781902188,0,,,,,1,1,,,,,,,,
t_1280418_b_28090_tn_6,,,2623989,26,,0,0,11447.4222984691,0,,,,,1,1,,,,,,,,
t_1280418_b_28090_tn_6,,,2623991,27,,0,0,12861.9913772462,0,,,,,1,1,,,,,,,,
t_1280418_b_28090_tn_6,,,2623992,28,,0,0,13514.9278778119,0,,,,,1,1,,,,,,,,
t_1280418_b_28090_tn_6,,,2623830,29,,0,0,14030.9992385046,0,,,,,1,1,,,,,,,,
t_1280418_b_28090_tn_6,,,2623831,30,,0,0,14351.7296897365,0,,,,,1,1,,,,,,,,
t_1280418_b_28090_tn_6,13:00:00,13:00:00,2622517,31,,0,0,14772.3670048,1,,,,,1,1,,,,,,,,
t_1280418_b_28090_tn_7,13:30:00,13:30:00,2622517,1,,0,0,0,1,,,,,1,1,,,,,,,,
t_1280418_b_28090_tn_7,,,2622518,2,,0,0,314.354486245572,0,,,,,1,1,,,,,,,,
t_1280418_b_28090_tn_7,,,2622519,3,,0,0,540.770477644542,0,,,,,1,1,,,,,,,,
t_1280418_b_28090_tn_7,,,2622520,4,,0,0,745.206579768392,0,,,,,1,1,,,,,,,,
t_1280418_b_28090_tn_7,13:32:00,13:32:00,2623824,5,,0,0,1232.9584787822,1,,,,,1,1,,,,,,,,
t_1280418_b_28090_tn_7,,,2623971,6,,0,0,1475.69149817661,0,,,,,1,1,,,,,,,,
t_1280418_b_28090_tn_7,,,2623972,7,,0,0,2005.89823411404,0,,,,,1,1,,,,,,,,
t_1280418_b_28090_tn_7,,,2623976,8,,0,0,2368.02320474748,0,,,,,1,1,,,,,,,,
t_1280418_b_28090_tn_7,,,2623979,9,,0,0,2822.75257952259,0,,,,,1,1,,,,,,,,
t_1280418_b_28090_tn_7,,,2623978,10,,0,0,3349.20959140263,0,,,,,1,1,,,,,,,,
t_1280418_b_28090_tn_7,13:37:00,13:37:00,2623980,11,,0,0,3624.20996458776,1,,,,,1,1,,,,,,,,
t_1280418_b_28090_tn_7,,,2623982,12,,0,0,4063.66281683508,0,,,,,1,1,,,,,,,,
t_1280418_b_28090_tn_7,,,2623981,13,,0,0,4415.57124823736,0,,,,,1,1,,,,,,,,
t_1280418_b_28090_tn_7,,,2623983,14,,0,0,4944.19739769097,0,,,,,1,1,,,,,,,,
t_1280418_b_28090_tn_7,,,2623984,15,,0,0,5330.47385092936,0,,,,,1,1,,,,,,,,
t_1280418_b_28090_tn_7,,,2623985,16,,0,0,5610.63465725372,0,,,,,1,1,,,,,,,,
t_1280418_b_28090_tn_7,,,2623986,17,,0,0,6132.78446323376,0,,,,,1,1,,,,,,,,
t_1280418_b_28090_tn_7,13:43:00,13:43:00,2623987,18,,0,0,6480.28999666576,1,,,,,1,1,,,,,,,,
t_1280418_b_28090_tn_7,,,2623988,19,,0,0,6994.58035833876,0,,,,,1,1,,,,,,,,
t_1280418_b_28090_tn_7,,,2623990,20,,0,0,7373.81403638757,0,,,,,1,1,,,,,,,,
t_1280418_b_28090_tn_7,13:47:00,13:47:00,2623823,21,,0,0,8240.7653043782,1,,,,,1,1,,,,,,,,
t_1280418_b_28090_tn_7,,,2623825,22,,0,0,8782.43840090563,0,,,,,1,1,,,,,,,,
t_1280418_b_28090_tn_7,,,2623826,23,,0,0,9273.72027680172,0,,,,,1,1,,,,,,,,
t_1280418_b_28090_tn_7,13:51:00,13:51:00,2623827,24,,0,0,10500.9946667323,1,,,,,1,1,,,,,,,,
t_1280418_b_28090_tn_7,,,2623828,25,,0,0,10940.8781902188,0,,,,,1,1,,,,,,,,
t_1280418_b_28090_tn_7,,,2623989,26,,0,0,11447.4222984691,0,,,,,1,1,,,,,,,,
t_1280418_b_28090_tn_7,,,2623991,27,,0,0,12861.9913772462,0,,,,,1,1,,,,,,,,
t_1280418_b_28090_tn_7,,,2623992,28,,0,0,13514.9278778119,0,,,,,1,1,,,,,,,,
t_1280418_b_28090_tn_7,,,2623830,29,,0,0,14030.9992385046,0,,,,,1,1,,,,,,,,
t_1280418_b_28090_tn_7,,,2623831,30,,0,0,14351.7296897365,0,,,,,1,1,,,,,,,,
t_1280418_b_28090_tn_7,14:00:00,14:00:00,2622517,31,,0,0,14772.3670048,1,,,,,1,1,,,,,,,,
t_1280418_b_28090_tn_8,14:30:00,14:30:00,2622517,1,,0,0,0,1,,,,,1,1,,,,,,,,
t_1280418_b_28090_tn_8,,,2622518,2,,0,0,314.354486245572,0,,,,,1,1,,,,,,,,
t_1280418_b_28090_tn_8,,,2622519,3,,0,0,540.770477644542,0,,,,,1,1,,,,,,,,
t_1280418_b_28090_tn_8,,,2622520,4,,0,0,745.206579768392,0,,,,,1,1,,,,,,,,
t_1280418_b_28090_tn_8,14:32:00,14:32:00,2623824,5,,0,0,1232.9584787822,1,,,,,1,1,,,,,,,,
t_1280418_b_28090_tn_8,,,2623971,6,,0,0,1475.69149817661,0,,,,,1,1,,,,,,,,
t_1280418_b_28090_tn_8,,,2623972,7,,0,0,2005.89823411404,0,,,,,1,1,,,,,,,,
t_1280418_b_28090_tn_8,,,2623976,8,,0,0,2368.02320474748,0,,,,,1,1,,,,,,,,
t_1280418_b_28090_tn_8,,,2623979,9,,0,0,2822.75257952259,0,,,,,1,1,,,,,,,,
t_1280418_b_28090_tn_8,,,2623978,10,,0,0,3349.20959140263,0,,,,,1,1,,,,,,,,
t_1280418_b_28090_tn_8,14:37:00,14:37:00,2623980,11,,0,0,3624.20996458776,1,,,,,1,1,,,,,,,,
t_1280418_b_28090_tn_8,,,2623982,12,,0,0,4063.66281683508,0,,,,,1,1,,,,,,,,
t_1280418_b_28090_tn_8,,,2623981,13,,0,0,4415.57124823736,0,,,,,1,1,,,,,,,,
t_1280418_b_28090_tn_8,,,2623983,14,,0,0,4944.19739769097,0,,,,,1,1,,,,,,,,
t_1280418_b_28090_tn_8,,,2623984,15,,0,0,5330.47385092936,0,,,,,1,1,,,,,,,,
t_1280418_b_28090_tn_8,,,2623985,16,,0,0,5610.63465725372,0,,,,,1,1,,,,,,,,
t_1280418_b_28090_tn_8,,,2623986,17,,0,0,6132.78446323376,0,,,,,1,1,,,,,,,,
t_1280418_b_28090_tn_8,14:43:00,14:43:00,2623987,18,,0,0,6480.28999666576,1,,,,,1,1,,,,,,,,
t_1280418_b_28090_tn_8,,,2623988,19,,0,0,6994.58035833876,0,,,,,1,1,,,,,,,,
t_1280418_b_28090_tn_8,,,2623990,20,,0,0,7373.81403638757,0,,,,,1,1,,,,,,,,
t_1280418_b_28090_tn_8,14:47:00,14:47:00,2623823,21,,0,0,8240.7653043782,1,,,,,1,1,,,,,,,,
t_1280418_b_28090_tn_8,,,2623825,22,,0,0,8782.43840090563,0,,,,,1,1,,,,,,,,
t_1280418_b_28090_tn_8,,,2623826,23,,0,0,9273.72027680172,0,,,,,1,1,,,,,,,,
t_1280418_b_28090_tn_8,14:51:00,14:51:00,2623827,24,,0,0,10500.9946667323,1,,,,,1,1,,,,,,,,
t_1280418_b_28090_tn_8,,,2623828,25,,0,0,10940.8781902188,0,,,,,1,1,,,,,,,,
t_1280418_b_28090_tn_8,,,2623989,26,,0,0,11447.4222984691,0,,,,,1,1,,,,,,,,
t_1280418_b_28090_tn_8,,,2623991,27,,0,0,12861.9913772462,0,,,,,1,1,,,,,,,,
t_1280418_b_28090_tn_8,,,2623992,28,,0,0,13514.9278778119,0,,,,,1,1,,,,,,,,
t_1280418_b_28090_tn_8,,,2623830,29,,0,0,14030.9992385046,0,,,,,1,1,,,,,,,,
t_1280418_b_28090_tn_8,,,2623831,30,,0,0,14351.7296897365,0,,,,,1,1,,,,,,,,
t_1280418_b_28090_tn_8,15:00:00,15:00:00,2622517,31,,0,0,14772.3670048,1,,,,,1,1,,,,,,,,
t_1280418_b_28090_tn_9,15:30:00,15:30:00,2622517,1,,0,0,0,1,,,,,1,1,,,,,,,,
t_1280418_b_28090_tn_9,,,2622518,2,,0,0,314.354486245572,0,,,,,1,1,,,,,,,,
t_1280418_b_28090_tn_9,,,2622519,3,,0,0,540.770477644542,0,,,,,1,1,,,,,,,,
t_1280418_b_28090_tn_9,,,2622520,4,,0,0,745.206579768392,0,,,,,1,1,,,,,,,,
t_1280418_b_28090_tn_9,15:32:00,15:32:00,2623824,5,,0,0,1232.9584787822,1,,,,,1,1,,,,,,,,
t_1280418_b_28090_tn_9,,,2623971,6,,0,0,1475.69149817661,0,,,,,1,1,,,,,,,,
t_1280418_b_28090_tn_9,,,2623972,7,,0,0,2005.89823411404,0,,,,,1,1,,,,,,,,
t_1280418_b_28090_tn_9,,,2623976,8,,0,0,2368.02320474748,0,,,,,1,1,,,,,,,,
t_1280418_b_28090_tn_9,,,2623979,9,,0,0,2822.75257952259,0,,,,,1,1,,,,,,,,
t_1280418_b_28090_tn_9,,,2623978,10,,0,0,3349.20959140263,0,,,,,1,1,,,,,,,,
t_1280418_b_28090_tn_9,15:37:00,15:37:00,2623980,11,,0,0,3624.20996458776,1,,,,,1,1,,,,,,,,
t_1280418_b_28090_tn_9,,,2623982,12,,0,0,4063.66281683508,0,,,,,1,1,,,,,,,,
t_1280418_b_28090_tn_9,,,2623981,13,,0,0,4415.57124823736,0,,,,,1,1,,,,,,,,
t_1280418_b_28090_tn_9,,,2623983,14,,0,0,4944.19739769097,0,,,,,1,1,,,,,,,,
t_1280418_b_28090_tn_9,,,2623984,15,,0,0,5330.47385092936,0,,,,,1,1,,,,,,,,
t_1280418_b_28090_tn_9,,,2623985,16,,0,0,5610.63465725372,0,,,,,1,1,,,,,,,,
t_1280418_b_28090_tn_9,,,2623986,17,,0,0,6132.78446323376,0,,,,,1,1,,,,,,,,
t_1280418_b_28090_tn_9,15:43:00,15:43:00,2623987,18,,0,0,6480.28999666576,1,,,,,1,1,,,,,,,,
t_1280418_b_28090_tn_9,,,2623988,19,,0,0,6994.58035833876,0,,,,,1,1,,,,,,,,
t_1280418_b_28090_tn_9,,,2623990,20,,0,0,7373.81403638757,0,,,,,1,1,,,,,,,,
t_1280418_b_28090_tn_9,15:47:00,15:47:00,2623823,21,,0,0,8240.7653043782,1,,,,,1,1,,,,,,,,
t_1280418_b_28090_tn_9,,,2623825,22,,0,0,8782.43840090563,0,,,,,1,1,,,,,,,,
t_1280418_b_28090_tn_9,,,2623826,23,,0,0,9273.72027680172,0,,,,,1,1,,,,,,,,
t_1280418_b_28090_tn_9,15:51:00,15:51:00,2623827,24,,0,0,10500.9946667323,1,,,,,1,1,,,,,,,,
t_1280418_b_28090_tn_9,,,2623828,25,,0,0,10940.8781902188,0,,,,,1,1,,,,,,,,
t_1280418_b_28090_tn_9,,,2623989,26,,0,0,11447.4222984691,0,,,,,1,1,,,,,,,,
t_1280418_b_28090_tn_9,,,2623991,27,,0,0,12861.9913772462,0,,,,,1,1,,,,,,,,
t_1280418_b_28090_tn_9,,,2623992,28,,0,0,13514.9278778119,0,,,,,1,1,,,,,,,,
t_1280418_b_28090_tn_9,,,2623830,29,,0,0,14030.9992385046,0,,,,,1,1,,,,,,,,
t_1280418_b_28090_tn_9,,,2623831,30,,0,0,14351.7296897365,0,,,,,1,1,,,,,,,,
t_1280418_b_28090_tn_9,16:00:00,16:00:00,2622517,31,,0,0,14772.3670048,1,,,,,1,1,,,,,,,,
t_1280419_b_28090_tn_1,07:00:00,07:00:00,2623832,1,,0,0,0,1,,,,,1,1,,,,,,,,
t_1280419_b_28090_tn_1,,,2623829,2,,0,0,290.579607122104,0,,,,,1,1,,,,,,,,
t_1280419_b_28090_tn_1,,,2623833,3,,0,0,810.076823098715,0,,,,,1,1,,,,,,,,
t_1280419_b_28090_tn_1,,,2623834,4,,0,0,1111.81564414543,0,,,,,1,1,,,,,,,,
t_1280419_b_28090_tn_1,07:07:00,07:07:00,2623835,5,,0,0,1645.74590342659,1,,,,,1,1,,,,,,,,
t_1280419_b_28090_tn_1,,,2623836,6,,0,0,2189.97998969727,0,,,,,1,1,,,,,,,,
t_1280419_b_28090_tn_1,,,2623837,7,,0,0,2528.25887149126,0,,,,,1,1,,,,,,,,
t_1280419_b_28090_tn_1,,,2623838,8,,0,0,2896.90473144178,0,,,,,1,1,,,,,,,,
t_1280419_b_28090_tn_1,,,2623839,9,,0,0,3403.99821037287,0,,,,,1,1,,,,,,,,
t_1280419_b_28090_tn_1,,,2623946,10,,0,0,4325.5142212917,0,,,,,1,1,,,,,,,,
t_1280419_b_28090_tn_1,,,2623947,11,,0,0,4925.1270155963,0,,,,,1,1,,,,,,,,
t_1280419_b_28090_tn_1,,,2623950,12,,0,0,5270.50374571449,0,,,,,1,1,,,,,,,,
t_1280419_b_28090_tn_1,07:17:00,07:17:00,2623951,13,,0,0,5715.44324736696,1,,,,,1,1,,,,,,,,
t_1280419_b_28090_tn_1,,,2623952,14,,0,0,6017.53083237341,0,,,,,1,1,,,,,,,,
t_1280419_b_28090_tn_1,,,2623953,15,,0,0,6508.29876701992,0,,,,,1,1,,,,,,,,
t_1280419_b_28090_tn_1,,,2623954,16,,0,0,6991.11504694396,0,,,,,1,1,,,,,,,,
t_1280419_b_28090_tn_1,07:22:00,07:22:00,2623956,17,,0,0,7310.94854271114,1,,,,,1,1,,,,,,,,
t_1280419_b_28090_tn_1,,,2623957,18,,0,0,7712.50693879324,0,,,,,1,1,,,,,,,,
t_1280419_b_28090_tn_1,,,2623961,19,,0,0,8068.82516816303,0,,,,,1,1,,,,,,,,
t_1280419_b_28090_tn_1,,,2623962,20,,0,0,8424.8498620427,0,,,,,1,1,,,,,,,,
t_1280419_b_28090_tn_1,,,2623964,21,,0,0,8680.69313750702,0,,,,,1,1,,,,,,,,
t_1280419_b_28090_tn_1,,,2623965,22,,0,0,8985.73402718042,0,,,,,1,1,,,,,,,,
t_1280419_b_28090_tn_1,,,2623966,23,,0,0,9327.76462613703,0,,,,,1,1,,,,,,,,
t_1280419_b_28090_tn_1,07:26:00,07:26:00,2623967,24,,0,0,9736.99004617676,1,,,,,1,1,,,,,,,,
t_1280419_b_28090_tn_1,,,2623968,25,,0,0,10254.0557504611,0,,,,,1,1,,,,,,,,
t_1280419_b_28090_tn_1,,,2623969,26,,0,0,10572.4003991316,0,,,,,1,1,,,,,,,,
t_1280419_b_28090_tn_1,,,2623970,27,,0,0,11047.1281507321,0,,,,,1,1,,,,,,,,
t_1280419_b_28090_tn_1,07:30:00,07:30:00,2623832,28,,0,0,11447.88539576,1,,,,,1,1,,,,,,,,
t_1280419_b_28090_tn_10,16:00:00,16:00:00,2623832,1,,0,0,0,1,,,,,1,1,,,,,,,,
t_1280419_b_28090_tn_10,,,2623829,2,,0,0,290.579607122104,0,,,,,1,1,,,,,,,,
t_1280419_b_28090_tn_10,,,2623833,3,,0,0,810.076823098715,0,,,,,1,1,,,,,,,,
t_1280419_b_28090_tn_10,,,2623834,4,,0,0,1111.81564414543,0,,,,,1,1,,,,,,,,
t_1280419_b_28090_tn_10,16:07:00,16:07:00,2623835,5,,0,0,1645.74590342659,1,,,,,1,1,,,,,,,,
t_1280419_b_28090_tn_10,,,2623836,6,,0,0,2189.97998969727,0,,,,,1,1,,,,,,,,
t_1280419_b_28090_tn_10,,,2623837,7,,0,0,2528.25887149126,0,,,,,1,1,,,,,,,,
t_1280419_b_28090_tn_10,,,2623838,8,,0,0,2896.90473144178,0,,,,,1,1,,,,,,,,
t_1280419_b_28090_tn_10,,,2623839,9,,0,0,3403.99821037287,0,,,,,1,1,,,,,,,,
t_1280419_b_28090_tn_10,,,2623946,10,,0,0,4325.5142212917,0,,,,,1,1,,,,,,,,
t_1280419_b_28090_tn_10,,,2623947,11,,0,0,4925.1270155963,0,,,,,1,1,,,,,,,,
t_1280419_b_28090_tn_10,,,2623950,12,,0,0,5270.50374571449,0,,,,,1,1,,,,,,,,
t_1280419_b_28090_tn_10,16:17:00,16:17:00,2623951,13,,0,0,5715.44324736696,1,,,,,1,1,,,,,,,,
t_1280419_b_28090_tn_10,,,2623952,14,,0,0,6017.53083237341,0,,,,,1,1,,,,,,,,
t_1280419_b_28090_tn_10,,,2623953,15,,0,0,6508.29876701992,0,,,,,1,1,,,,,,,,
t_1280419_b_28090_tn_10,,,2623954,16,,0,0,6991.11504694396,0,,,,,1,1,,,,,,,,
t_1280419_b_28090_tn_10,16:22:00,16:22:00,2623956,17,,0,0,7310.94854271114,1,,,,,1,1,,,,,,,,
t_1280419_b_28090_tn_10,,,2623957,18,,0,0,7712.50693879324,0,,,,,1,1,,,,,,,,
t_1280419_b_28090_tn_10,,,2623961,19,,0,0,8068.82516816303,0,,,,,1,1,,,,,,,,
t_1280419_b_28090_tn_10,,,2623962,20,,0,0,8424.8498620427,0,,,,,1,1,,,,,,,,
t_1280419_b_28090_tn_10,,,2623964,21,,0,0,8680.69313750702,0,,,,,1,1,,,,,,,,
t_1280419_b_28090_tn_10,,,2623965,22,,0,0,8985.73402718042,0,,,,,1,1,,,,,,,,
t_1280419_b_28090_tn_10,,,2623966,23,,0,0,9327.76462613703,0,,,,,1,1,,,,,,,,
t_1280419_b_28090_tn_10,16:26:00,16:26:00,2623967,24,,0,0,9736.99004617676,1,,,,,1,1,,,,,,,,
t_1280419_b_28090_tn_10,,,2623968,25,,0,0,10254.0557504611,0,,,,,1,1,,,,,,,,
t_1280419_b_28090_tn_10,,,2623969,26,,0,0,10572.4003991316,0,,,,,1,1,,,,,,,,
t_1280419_b_28090_tn_10,,,2623970,27,,0,0,11047.1281507321,0,,,,,1,1,,,,,,,,
t_1280419_b_28090_tn_10,16:30:00,16:30:00,2623832,28,,0,0,11447.88539576,1,,,,,1,1,,,,,,,,
t_1280419_b_28090_tn_2,08:00:00,08:00:00,2623832,1,,0,0,0,1,,,,,1,1,,,,,,,,
t_1280419_b_28090_tn_2,,,2623829,2,,0,0,290.579607122104,0,,,,,1,1,,,,,,,,
t_1280419_b_28090_tn_2,,,2623833,3,,0,0,810.076823098715,0,,,,,1,1,,,,,,,,
t_1280419_b_28090_tn_2,,,2623834,4,,0,0,1111.81564414543,0,,,,,1,1,,,,,,,,
t_1280419_b_28090_tn_2,08:07:00,08:07:00,2623835,5,,0,0,1645.74590342659,1,,,,,1,1,,,,,,,,
t_1280419_b_28090_tn_2,,,2623836,6,,0,0,2189.97998969727,0,,,,,1,1,,,,,,,,
t_1280419_b_28090_tn_2,,,2623837,7,,0,0,2528.25887149126,0,,,,,1,1,,,,,,,,
t_1280419_b_28090_tn_2,,,2623838,8,,0,0,2896.90473144178,0,,,,,1,1,,,,,,,,
t_1280419_b_28090_tn_2,,,2623839,9,,0,0,3403.99821037287,0,,,,,1,1,,,,,,,,
t_1280419_b_28090_tn_2,,,2623946,10,,0,0,4325.5142212917,0,,,,,1,1,,,,,,,,
t_1280419_b_28090_tn_2,,,2623947,11,,0,0,4925.1270155963,0,,,,,1,1,,,,,,,,
t_1280419_b_28090_tn_2,,,2623950,12,,0,0,5270.50374571449,0,,,,,1,1,,,,,,,,
t_1280419_b_28090_tn_2,08:17:00,08:17:00,2623951,13,,0,0,5715.44324736696,1,,,,,1,1,,,,,,,,
t_1280419_b_28090_tn_2,,,2623952,14,,0,0,6017.53083237341,0,,,,,1,1,,,,,,,,
t_1280419_b_28090_tn_2,,,2623953,15,,0,0,6508.29876701992,0,,,,,1,1,,,,,,,,
t_1280419_b_28090_tn_2,,,2623954,16,,0,0,6991.11504694396,0,,,,,1,1,,,,,,,,
t_1280419_b_28090_tn_2,08:22:00,08:22:00,2623956,17,,0,0,7310.94854271114,1,,,,,1,1,,,,,,,,
t_1280419_b_28090_tn_2,,,2623957,18,,0,0,7712.50693879324,0,,,,,1,1,,,,,,,,
t_1280419_b_28090_tn_2,,,2623961,19,,0,0,8068.82516816303,0,,,,,1,1,,,,,,,,
t_1280419_b_28090_tn_2,,,2623962,20,,0,0,8424.8498620427,0,,,,,1,1,,,,,,,,
t_1280419_b_28090_tn_2,,,2623964,21,,0,0,8680.69313750702,0,,,,,1,1,,,,,,,,
t_1280419_b_28090_tn_2,,,2623965,22,,0,0,8985.73402718042,0,,,,,1,1,,,,,,,,
t_1280419_b_28090_tn_2,,,2623966,23,,0,0,9327.76462613703,0,,,,,1,1,,,,,,,,
t_1280419_b_28090_tn_2,08:26:00,08:26:00,2623967,24,,0,0,9736.99004617676,1,,,,,1,1,,,,,,,,
t_1280419_b_28090_tn_2,,,2623968,25,,0,0,10254.0557504611,0,,,,,1,1,,,,,,,,
t_1280419_b_28090_tn_2,,,2623969,26,,0,0,10572.4003991316,0,,,,,1,1,,,,,,,,
t_1280419_b_28090_tn_2,,,2623970,27,,0,0,11047.1281507321,0,,,,,1,1,,,,,,,,
t_1280419_b_28090_tn_2,08:30:00,08:30:00,2623832,28,,0,0,11447.88539576,1,,,,,1,1,,,,,,,,
t_1280419_b_28090_tn_3,09:00:00,09:00:00,2623832,1,,0,0,0,1,,,,,1,1,,,,,,,,
t_1280419_b_28090_tn_3,,,2623829,2,,0,0,290.579607122104,0,,,,,1,1,,,,,,,,
t_1280419_b_28090_tn_3,,,2623833,3,,0,0,810.076823098715,0,,,,,1,1,,,,,,,,
t_1280419_b_28090_tn_3,,,2623834,4,,0,0,1111.81564414543,0,,,,,1,1,,,,,,,,
t_1280419_b_28090_tn_3,09:07:00,09:07:00,2623835,5,,0,0,1645.74590342659,1,,,,,1,1,,,,,,,,
t_1280419_b_28090_tn_3,,,2623836,6,,0,0,2189.97998969727,0,,,,,1,1,,,,,,,,
t_1280419_b_28090_tn_3,,,2623837,7,,0,0,2528.25887149126,0,,,,,1,1,,,,,,,,
t_1280419_b_28090_tn_3,,,2623838,8,,0,0,2896.90473144178,0,,,,,1,1,,,,,,,,
t_1280419_b_28090_tn_3,,,2623839,9,,0,0,3403.99821037287,0,,,,,1,1,,,,,,,,
t_1280419_b_28090_tn_3,,,2623946,10,,0,0,4325.5142212917,0,,,,,1,1,,,,,,,,
t_1280419_b_28090_tn_3,,,2623947,11,,0,0,4925.1270155963,0,,,,,1,1,,,,,,,,
t_1280419_b_28090_tn_3,,,2623950,12,,0,0,5270.50374571449,0,,,,,1,1,,,,,,,,
t_1280419_b_28090_tn_3,09:17:00,09:17:00,2623951,13,,0,0,5715.44324736696,1,,,,,1,1,,,,,,,,
t_1280419_b_28090_tn_3,,,2623952,14,,0,0,6017.53083237341,0,,,,,1,1,,,,,,,,
t_1280419_b_28090_tn_3,,,2623953,15,,0,0,6508.29876701992,0,,,,,1,1,,,,,,,,
t_1280419_b_28090_tn_3,,,2623954,16,,0,0,6991.11504694396,0,,,,,1,1,,,,,,,,
t_1280419_b_28090_tn_3,09:22:00,09:22:00,2623956,17,,0,0,7310.94854271114,1,,,,,1,1,,,,,,,,
t_1280419_b_28090_tn_3,,,2623957,18,,0,0,7712.50693879324,0,,,,,1,1,,,,,,,,
t_1280419_b_28090_tn_3,,,2623961,19,,0,0,8068.82516816303,0,,,,,1,1,,,,,,,,
t_1280419_b_28090_tn_3,,,2623962,20,,0,0,8424.8498620427,0,,,,,1,1,,,,,,,,
t_1280419_b_28090_tn_3,,,2623964,21,,0,0,8680.69313750702,0,,,,,1,1,,,,,,,,
t_1280419_b_28090_tn_3,,,2623965,22,,0,0,8985.73402718042,0,,,,,1,1,,,,,,,,
t_1280419_b_28090_tn_3,,,2623966,23,,0,0,9327.76462613703,0,,,,,1,1,,,,,,,,
t_1280419_b_28090_tn_3,09:26:00,09:26:00,2623967,24,,0,0,9736.99004617676,1,,,,,1,1,,,,,,,,
t_1280419_b_28090_tn_3,,,2623968,25,,0,0,10254.0557504611,0,,,,,1,1,,,,,,,,
t_1280419_b_28090_tn_3,,,2623969,26,,0,0,10572.4003991316,0,,,,,1,1,,,,,,,,
t_1280419_b_28090_tn_3,,,2623970,27,,0,0,11047.1281507321,0,,,,,1,1,,,,,,,,
t_1280419_b_28090_tn_3,09:30:00,09:30:00,2623832,28,,0,0,11447.88539576,1,,,,,1,1,,,,,,,,
t_1280419_b_28090_tn_4,10:00:00,10:00:00,2623832,1,,0,0,0,1,,,,,1,1,,,,,,,,
t_1280419_b_28090_tn_4,,,2623829,2,,0,0,290.579607122104,0,,,,,1,1,,,,,,,,
t_1280419_b_28090_tn_4,,,2623833,3,,0,0,810.076823098715,0,,,,,1,1,,,,,,,,
t_1280419_b_28090_tn_4,,,2623834,4,,0,0,1111.81564414543,0,,,,,1,1,,,,,,,,
t_1280419_b_28090_tn_4,10:07:00,10:07:00,2623835,5,,0,0,1645.74590342659,1,,,,,1,1,,,,,,,,
t_1280419_b_28090_tn_4,,,2623836,6,,0,0,2189.97998969727,0,,,,,1,1,,,,,,,,
t_1280419_b_28090_tn_4,,,2623837,7,,0,0,2528.25887149126,0,,,,,1,1,,,,,,,,
t_1280419_b_28090_tn_4,,,2623838,8,,0,0,2896.90473144178,0,,,,,1,1,,,,,,,,
t_1280419_b_28090_tn_4,,,2623839,9,,0,0,3403.99821037287,0,,,,,1,1,,,,,,,,
t_1280419_b_28090_tn_4,,,2623946,10,,0,0,4325.5142212917,0,,,,,1,1,,,,,,,,
t_1280419_b_28090_tn_4,,,2623947,11,,0,0,4925.1270155963,0,,,,,1,1,,,,,,,,
t_1280419_b_28090_tn_4,,,2623950,12,,0,0,5270.50374571449,0,,,,,1,1,,,,,,,,
t_1280419_b_28090_tn_4,10:17:00,10:17:00,2623951,13,,0,0,5715.44324736696,1,,,,,1,1,,,,,,,,
t_1280419_b_28090_tn_4,,,2623952,14,,0,0,6017.53083237341,0,,,,,1,1,,,,,,,,
t_1280419_b_28090_tn_4,,,2623953,15,,0,0,6508.29876701992,0,,,,,1,1,,,,,,,,
t_1280419_b_28090_tn_4,,,2623954,16,,0,0,6991.11504694396,0,,,,,1,1,,,,,,,,
t_1280419_b_28090_tn_4,10:22:00,10:22:00,2623956,17,,0,0,7310.94854271114,1,,,,,1,1,,,,,,,,
t_1280419_b_28090_tn_4,,,2623957,18,,0,0,7712.50693879324,0,,,,,1,1,,,,,,,,
t_1280419_b_28090_tn_4,,,2623961,19,,0,0,8068.82516816303,0,,,,,1,1,,,,,,,,
t_1280419_b_28090_tn_4,,,2623962,20,,0,0,8424.8498620427,0,,,,,1,1,,,,,,,,
t_1280419_b_28090_tn_4,,,2623964,21,,0,0,8680.69313750702,0,,,,,1,1,,,,,,,,
t_1280419_b_28090_tn_4,,,2623965,22,,0,0,8985.73402718042,0,,,,,1,1,,,,,,,,
t_1280419_b_28090_tn_4,,,2623966,23,,0,0,9327.76462613703,0,,,,,1,1,,,,,,,,
t_1280419_b_28090_tn_4,10:26:00,10:26:00,2623967,24,,0,0,9736.99004617676,1,,,,,1,1,,,,,,,,
t_1280419_b_28090_tn_4,,,2623968,25,,0,0,10254.0557504611,0,,,,,1,1,,,,,,,,
t_1280419_b_28090_tn_4,,,2623969,26,,0,0,10572.4003991316,0,,,,,1,1,,,,,,,,
t_1280419_b_28090_tn_4,,,2623970,27,,0,0,11047.1281507321,0,,,,,1,1,,,,,,,,
t_1280419_b_28090_tn_4,10:30:00,10:30:00,2623832,28,,0,0,11447.88539576,1,,,,,1,1,,,,,,,,
t_1280419_b_28090_tn_5,11:00:00,11:00:00,2623832,1,,0,0,0,1,,,,,1,1,,,,,,,,
t_1280419_b_28090_tn_5,,,2623829,2,,0,0,290.579607122104,0,,,,,1,1,,,,,,,,
t_1280419_b_28090_tn_5,,,2623833,3,,0,0,810.076823098715,0,,,,,1,1,,,,,,,,
t_1280419_b_28090_tn_5,,,2623834,4,,0,0,1111.81564414543,0,,,,,1,1,,,,,,,,
t_1280419_b_28090_tn_5,11:07:00,11:07:00,2623835,5,,0,0,1645.74590342659,1,,,,,1,1,,,,,,,,
t_1280419_b_28090_tn_5,,,2623836,6,,0,0,2189.97998969727,0,,,,,1,1,,,,,,,,
t_1280419_b_28090_tn_5,,,2623837,7,,0,0,2528.25887149126,0,,,,,1,1,,,,,,,,
t_1280419_b_28090_tn_5,,,2623838,8,,0,0,2896.90473144178,0,,,,,1,1,,,,,,,,
t_1280419_b_28090_tn_5,,,2623839,9,,0,0,3403.99821037287,0,,,,,1,1,,,,,,,,
t_1280419_b_28090_tn_5,,,2623946,10,,0,0,4325.5142212917,0,,,,,1,1,,,,,,,,
t_1280419_b_28090_tn_5,,,2623947,11,,0,0,4925.1270155963,0,,,,,1,1,,,,,,,,
t_1280419_b_28090_tn_5,,,2623950,12,,0,0,5270.50374571449,0,,,,,1,1,,,,,,,,
t_1280419_b_28090_tn_5,11:17:00,11:17:00,2623951,13,,0,0,5715.44324736696,1,,,,,1,1,,,,,,,,
t_1280419_b_28090_tn_5,,,2623952,14,,0,0,6017.53083237341,0,,,,,1,1,,,,,,,,
t_1280419_b_28090_tn_5,,,2623953,15,,0,0,6508.29876701992,0,,,,,1,1,,,,,,,,
t_1280419_b_28090_tn_5,,,2623954,16,,0,0,6991.11504694396,0,,,,,1,1,,,,,,,,
t_1280419_b_28090_tn_5,11:22:00,11:22:00,2623956,17,,0,0,7310.94854271114,1,,,,,1,1,,,,,,,,
t_1280419_b_28090_tn_5,,,2623957,18,,0,0,7712.50693879324,0,,,,,1,1,,,,,,,,
t_1280419_b_28090_tn_5,,,2623961,19,,0,0,8068.82516816303,0,,,,,1,1,,,,,,,,
t_1280419_b_28090_tn_5,,,2623962,20,,0,0,8424.8498620427,0,,,,,1,1,,,,,,,,
t_1280419_b_28090_tn_5,,,2623964,21,,0,0,8680.69313750702,0,,,,,1,1,,,,,,,,
t_1280419_b_28090_tn_5,,,2623965,22,,0,0,8985.73402718042,0,,,,,1,1,,,,,,,,
t_1280419_b_28090_tn_5,,,2623966,23,,0,0,9327.76462613703,0,,,,,1,1,,,,,,,,
t_1280419_b_28090_tn_5,11:26:00,11:26:00,2623967,24,,0,0,9736.99004617676,1,,,,,1,1,,,,,,,,
t_1280419_b_28090_tn_5,,,2623968,25,,0,0,10254.0557504611,0,,,,,1,1,,,,,,,,
t_1280419_b_28090_tn_5,,,2623969,26,,0,0,10572.4003991316,0,,,,,1,1,,,,,,,,
t_1280419_b_28090_tn_5,,,2623970,27,,0,0,11047.1281507321,0,,,,,1,1,,,,,,,,
t_1280419_b_28090_tn_5,11:30:00,11:30:00,2623832,28,,0,0,11447.88539576,1,,,,,1,1,,,,,,,,
t_1280419_b_28090_tn_6,12:00:00,12:00:00,2623832,1,,0,0,0,1,,,,,1,1,,,,,,,,
t_1280419_b_28090_tn_6,,,2623829,2,,0,0,290.579607122104,0,,,,,1,1,,,,,,,,
t_1280419_b_28090_tn_6,,,2623833,3,,0,0,810.076823098715,0,,,,,1,1,,,,,,,,
t_1280419_b_28090_tn_6,,,2623834,4,,0,0,1111.81564414543,0,,,,,1,1,,,,,,,,
t_1280419_b_28090_tn_6,12:07:00,12:07:00,2623835,5,,0,0,1645.74590342659,1,,,,,1,1,,,,,,,,
t_1280419_b_28090_tn_6,,,2623836,6,,0,0,2189.97998969727,0,,,,,1,1,,,,,,,,
t_1280419_b_28090_tn_6,,,2623837,7,,0,0,2528.25887149126,0,,,,,1,1,,,,,,,,
t_1280419_b_28090_tn_6,,,2623838,8,,0,0,2896.90473144178,0,,,,,1,1,,,,,,,,
t_1280419_b_28090_tn_6,,,2623839,9,,0,0,3403.99821037287,0,,,,,1,1,,,,,,,,
t_1280419_b_28090_tn_6,,,2623946,10,,0,0,4325.5142212917,0,,,,,1,1,,,,,,,,
t_1280419_b_28090_tn_6,,,2623947,11,,0,0,4925.1270155963,0,,,,,1,1,,,,,,,,
t_1280419_b_28090_tn_6,,,2623950,12,,0,0,5270.50374571449,0,,,,,1,1,,,,,,,,
t_1280419_b_28090_tn_6,12:17:00,12:17:00,2623951,13,,0,0,5715.44324736696,1,,,,,1,1,,,,,,,,
t_1280419_b_28090_tn_6,,,2623952,14,,0,0,6017.53083237341,0,,,,,1,1,,,,,,,,
t_1280419_b_28090_tn_6,,,2623953,15,,0,0,6508.29876701992,0,,,,,1,1,,,,,,,,
t_1280419_b_28090_tn_6,,,2623954,16,,0,0,6991.11504694396,0,,,,,1,1,,,,,,,,
t_1280419_b_28090_tn_6,12:22:00,12:22:00,2623956,17,,0,0,7310.94854271114,1,,,,,1,1,,,,,,,,
t_1280419_b_28090_tn_6,,,2623957,18,,0,0,7712.50693879324,0,,,,,1,1,,,,,,,,
t_1280419_b_28090_tn_6,,,2623961,19,,0,0,8068.82516816303,0,,,,,1,1,,,,,,,,
t_1280419_b_28090_tn_6,,,2623962,20,,0,0,8424.8498620427,0,,,,,1,1,,,,,,,,
t_1280419_b_28090_tn_6,,,2623964,21,,0,0,8680.69313750702,0,,,,,1,1,,,,,,,,
t_1280419_b_28090_tn_6,,,2623965,22,,0,0,8985.73402718042,0,,,,,1,1,,,,,,,,
t_1280419_b_28090_tn_6,,,2623966,23,,0,0,9327.76462613703,0,,,,,1,1,,,,,,,,
t_1280419_b_28090_tn_6,12:26:00,12:26:00,2623967,24,,0,0,9736.99004617676,1,,,,,1,1,,,,,,,,
t_1280419_b_28090_tn_6,,,2623968,25,,0,0,10254.0557504611,0,,,,,1,1,,,,,,,,
t_1280419_b_28090_tn_6,,,2623969,26,,0,0,10572.4003991316,0,,,,,1,1,,,,,,,,
t_1280419_b_28090_tn_6,,,2623970,27,,0,0,11047.1281507321,0,,,,,1,1,,,,,,,,
t_1280419_b_28090_tn_6,12:30:00,12:30:00,2623832,28,,0,0,11447.88539576,1,,,,,1,1,,,,,,,,
t_1280419_b_28090_tn_7,13:00:00,13:00:00,2623832,1,,0,0,0,1,,,,,1,1,,,,,,,,
t_1280419_b_28090_tn_7,,,2623829,2,,0,0,290.579607122104,0,,,,,1,1,,,,,,,,
t_1280419_b_28090_tn_7,,,2623833,3,,0,0,810.076823098715,0,,,,,1,1,,,,,,,,
t_1280419_b_28090_tn_7,,,2623834,4,,0,0,1111.81564414543,0,,,,,1,1,,,,,,,,
t_1280419_b_28090_tn_7,13:07:00,13:07:00,2623835,5,,0,0,1645.74590342659,1,,,,,1,1,,,,,,,,
t_1280419_b_28090_tn_7,,,2623836,6,,0,0,2189.97998969727,0,,,,,1,1,,,,,,,,
t_1280419_b_28090_tn_7,,,2623837,7,,0,0,2528.25887149126,0,,,,,1,1,,,,,,,,
t_1280419_b_28090_tn_7,,,2623838,8,,0,0,2896.90473144178,0,,,,,1,1,,,,,,,,
t_1280419_b_28090_tn_7,,,2623839,9,,0,0,3403.99821037287,0,,,,,1,1,,,,,,,,
t_1280419_b_28090_tn_7,,,2623946,10,,0,0,4325.5142212917,0,,,,,1,1,,,,,,,,
t_1280419_b_28090_tn_7,,,2623947,11,,0,0,4925.1270155963,0,,,,,1,1,,,,,,,,
t_1280419_b_28090_tn_7,,,2623950,12,,0,0,5270.50374571449,0,,,,,1,1,,,,,,,,
t_1280419_b_28090_tn_7,13:17:00,13:17:00,2623951,13,,0,0,5715.44324736696,1,,,,,1,1,,,,,,,,
t_1280419_b_28090_tn_7,,,2623952,14,,0,0,6017.53083237341,0,,,,,1,1,,,,,,,,
t_1280419_b_28090_tn_7,,,2623953,15,,0,0,6508.29876701992,0,,,,,1,1,,,,,,,,
t_1280419_b_28090_tn_7,,,2623954,16,,0,0,6991.11504694396,0,,,,,1,1,,,,,,,,
t_1280419_b_28090_tn_7,13:22:00,13:22:00,2623956,17,,0,0,7310.94854271114,1,,,,,1,1,,,,,,,,
t_1280419_b_28090_tn_7,,,2623957,18,,0,0,7712.50693879324,0,,,,,1,1,,,,,,,,
t_1280419_b_28090_tn_7,,,2623961,19,,0,0,8068.82516816303,0,,,,,1,1,,,,,,,,
t_1280419_b_28090_tn_7,,,2623962,20,,0,0,8424.8498620427,0,,,,,1,1,,,,,,,,
t_1280419_b_28090_tn_7,,,2623964,21,,0,0,8680.69313750702,0,,,,,1,1,,,,,,,,
t_1280419_b_28090_tn_7,,,2623965,22,,0,0,8985.73402718042,0,,,,,1,1,,,,,,,,
t_1280419_b_28090_tn_7,,,2623966,23,,0,0,9327.76462613703,0,,,,,1,1,,,,,,,,
t_1280419_b_28090_tn_7,13:26:00,13:26:00,2623967,24,,0,0,9736.99004617676,1,,,,,1,1,,,,,,,,
t_1280419_b_28090_tn_7,,,2623968,25,,0,0,10254.0557504611,0,,,,,1,1,,,,,,,,
t_1280419_b_28090_tn_7,,,2623969,26,,0,0,10572.4003991316,0,,,,,1,1,,,,,,,,
t_1280419_b_28090_tn_7,,,2623970,27,,0,0,11047.1281507321,0,,,,,1,1,,,,,,,,
t_1280419_b_28090_tn_7,13:30:00,13:30:00,2623832,28,,0,0,11447.88539576,1,,,,,1,1,,,,,,,,
t_1280419_b_28090_tn_8,14:00:00,14:00:00,2623832,1,,0,0,0,1,,,,,1,1,,,,,,,,
t_1280419_b_28090_tn_8,,,2623829,2,,0,0,290.579607122104,0,,,,,1,1,,,,,,,,
t_1280419_b_28090_tn_8,,,2623833,3,,0,0,810.076823098715,0,,,,,1,1,,,,,,,,
t_1280419_b_28090_tn_8,,,2623834,4,,0,0,1111.81564414543,0,,,,,1,1,,,,,,,,
t_1280419_b_28090_tn_8,14:07:00,14:07:00,2623835,5,,0,0,1645.74590342659,1,,,,,1,1,,,,,,,,
t_1280419_b_28090_tn_8,,,2623836,6,,0,0,2189.97998969727,0,,,,,1,1,,,,,,,,
t_1280419_b_28090_tn_8,,,2623837,7,,0,0,2528.25887149126,0,,,,,1,1,,,,,,,,
t_1280419_b_28090_tn_8,,,2623838,8,,0,0,2896.90473144178,0,,,,,1,1,,,,,,,,
t_1280419_b_28090_tn_8,,,2623839,9,,0,0,3403.99821037287,0,,,,,1,1,,,,,,,,
t_1280419_b_28090_tn_8,,,2623946,10,,0,0,4325.5142212917,0,,,,,1,1,,,,,,,,
t_1280419_b_28090_tn_8,,,2623947,11,,0,0,4925.1270155963,0,,,,,1,1,,,,,,,,
t_1280419_b_28090_tn_8,,,2623950,12,,0,0,5270.50374571449,0,,,,,1,1,,,,,,,,
t_1280419_b_28090_tn_8,14:17:00,14:17:00,2623951,13,,0,0,5715.44324736696,1,,,,,1,1,,,,,,,,
t_1280419_b_28090_tn_8,,,2623952,14,,0,0,6017.53083237341,0,,,,,1,1,,,,,,,,
t_1280419_b_28090_tn_8,,,2623953,15,,0,0,6508.29876701992,0,,,,,1,1,,,,,,,,
t_1280419_b_28090_tn_8,,,2623954,16,,0,0,6991.11504694396,0,,,,,1,1,,,,,,,,
t_1280419_b_28090_tn_8,14:22:00,14:22:00,2623956,17,,0,0,7310.94854271114,1,,,,,1,1,,,,,,,,
t_1280419_b_28090_tn_8,,,2623957,18,,0,0,7712.50693879324,0,,,,,1,1,,,,,,,,
t_1280419_b_28090_tn_8,,,2623961,19,,0,0,8068.82516816303,0,,,,,1,1,,,,,,,,
t_1280419_b_28090_tn_8,,,2623962,20,,0,0,8424.8498620427,0,,,,,1,1,,,,,,,,
t_1280419_b_28090_tn_8,,,2623964,21,,0,0,8680.69313750702,0,,,,,1,1,,,,,,,,
t_1280419_b_28090_tn_8,,,2623965,22,,0,0,8985.73402718042,0,,,,,1,1,,,,,,,,
t_1280419_b_28090_tn_8,,,2623966,23,,0,0,9327.76462613703,0,,,,,1,1,,,,,,,,
t_1280419_b_28090_tn_8,14:26:00,14:26:00,2623967,24,,0,0,9736.99004617676,1,,,,,1,1,,,,,,,,
t_1280419_b_28090_tn_8,,,2623968,25,,0,0,10254.0557504611,0,,,,,1,1,,,,,,,,
t_1280419_b_28090_tn_8,,,2623969,26,,0,0,10572.4003991316,0,,,,,1,1,,,,,,,,
t_1280419_b_28090_tn_8,,,2623970,27,,0,0,11047.1281507321,0,,,,,1,1,,,,,,,,
t_1280419_b_28090_tn_8,14:30:00,14:30:00,2623832,28,,0,0,11447.88539576,1,,,,,1,1,,,,,,,,
t_1280419_b_28090_tn_9,15:00:00,15:00:00,2623832,1,,0,0,0,1,,,,,1,1,,,,,,,,
t_1280419_b_28090_tn_9,,,2623829,2,,0,0,290.579607122104,0,,,,,1,1,,,,,,,,
t_1280419_b_28090_tn_9,,,2623833,3,,0,0,810.076823098715,0,,,,,1,1,,,,,,,,
t_1280419_b_28090_tn_9,,,2623834,4,,0,0,1111.81564414543,0,,,,,1,1,,,,,,,,
t_1280419_b_28090_tn_9,15:07:00,15:07:00,2623835,5,,0,0,1645.74590342659,1,,,,,1,1,,,,,,,,
t_1280419_b_28090_tn_9,,,2623836,6,,0,0,2189.97998969727,0,,,,,1,1,,,,,,,,
t_1280419_b_28090_tn_9,,,2623837,7,,0,0,2528.25887149126,0,,,,,1,1,,,,,,,,
t_1280419_b_28090_tn_9,,,2623838,8,,0,0,2896.90473144178,0,,,,,1,1,,,,,,,,
t_1280419_b_28090_tn_9,,,2623839,9,,0,0,3403.99821037287,0,,,,,1,1,,,,,,,,
t_1280419_b_28090_tn_9,,,2623946,10,,0,0,4325.5142212917,0,,,,,1,1,,,,,,,,
t_1280419_b_28090_tn_9,,,2623947,11,,0,0,4925.1270155963,0,,,,,1,1,,,,,,,,
t_1280419_b_28090_tn_9,,,2623950,12,,0,0,5270.50374571449,0,,,,,1,1,,,,,,,,
t_1280419_b_28090_tn_9,15:17:00,15:17:00,2623951,13,,0,0,5715.44324736696,1,,,,,1,1,,,,,,,,
t_1280419_b_28090_tn_9,,,2623952,14,,0,0,6017.53083237341,0,,,,,1,1,,,,,,,,
t_1280419_b_28090_tn_9,,,2623953,15,,0,0,6508.29876701992,0,,,,,1,1,,,,,,,,
t_1280419_b_28090_tn_9,,,2623954,16,,0,0,6991.11504694396,0,,,,,1,1,,,,,,,,
t_1280419_b_28090_tn_9,15:22:00,15:22:00,2623956,17,,0,0,7310.94854271114,1,,,,,1,1,,,,,,,,
t_1280419_b_28090_tn_9,,,2623957,18,,0,0,7712.50693879324,0,,,,,1,1,,,,,,,,
t_1280419_b_28090_tn_9,,,2623961,19,,0,0,8068.82516816303,0,,,,,1,1,,,,,,,,
t_1280419_b_28090_tn_9,,,2623962,20,,0,0,8424.8498620427,0,,,,,1,1,,,,,,,,
t_1280419_b_28090_tn_9,,,2623964,21,,0,0,8680.69313750702,0,,,,,1,1,,,,,,,,
t_1280419_b_28090_tn_9,,,2623965,22,,0,0,8985.73402718042,0,,,,,1,1,,,,,,,,
t_1280419_b_28090_tn_9,,,2623966,23,,0,0,9327.76462613703,0,,,,,1,1,,,,,,,,
t_1280419_b_28090_tn_9,15:26:00,15:26:00,2623967,24,,0,0,9736.99004617676,1,,,,,1,1,,,,,,,,
t_1280419_b_28090_tn_9,,,2623968,25,,0,0,10254.0557504611,0,,,,,1,1,,,,,,,,
t_1280419_b_28090_tn_9,,,2623969,26,,0,0,10572.4003991316,0,,,,,1,1,,,,,,,,
t_1280419_b_28090_tn_9,,,2623970,27,,0,0,11047.1281507321,0,,,,,1,1,,,,,,,,
t_1280419_b_28090_tn_9,15:30:00,15:30:00,2623832,28,,0,0,11447.88539576,1,,,,,1,1,,,,,,,,
t_1280420_b_28090_tn_1,07:30:00,07:30:00,2623832,1,,0,0,0,1,,,,,1,1,,,,,,,,
t_1280420_b_28090_tn_1,,,2623829,2,,0,0,290.579607122104,0,,,,,1,1,,,,,,,,
t_1280420_b_28090_tn_1,,,2623833,3,,0,0,810.076823098715,0,,,,,1,1,,,,,,,,
t_1280420_b_28090_tn_1,,,2623834,4,,0,0,1111.81564414543,0,,,,,1,1,,,,,,,,
t_1280420_b_28090_tn_1,07:37:00,07:37:00,2623835,5,,0,0,1645.74590342659,1,,,,,1,1,,,,,,,,
t_1280420_b_28090_tn_1,,,2623836,6,,0,0,2189.97998969727,0,,,,,1,1,,,,,,,,
t_1280420_b_28090_tn_1,,,2623837,7,,0,0,2528.25887149126,0,,,,,1,1,,,,,,,,
t_1280420_b_28090_tn_1,,,2623838,8,,0,0,2896.90473144178,0,,,,,1,1,,,,,,,,
t_1280420_b_28090_tn_1,,,2623839,9,,0,0,3403.99821037287,0,,,,,1,1,,,,,,,,
t_1280420_b_28090_tn_1,,,2623946,10,,0,0,4325.5142212917,0,,,,,1,1,,,,,,,,
t_1280420_b_28090_tn_1,,,2623947,11,,0,0,4925.1270155963,0,,,,,1,1,,,,,,,,
t_1280420_b_28090_tn_1,,,2623949,12,,0,0,5388.64085486455,0,,,,,1,1,,,,,,,,
t_1280420_b_28090_tn_1,,,2623948,13,,0,0,5495.00326615518,0,,,,,1,1,,,,,,,,
t_1280420_b_28090_tn_1,07:47:00,07:47:00,2623951,14,,0,0,5886.21664854564,1,,,,,1,1,,,,,,,,
t_1280420_b_28090_tn_1,,,2623952,15,,0,0,6188.30423355209,0,,,,,1,1,,,,,,,,
t_1280420_b_28090_tn_1,,,2623953,16,,0,0,6679.07216819859,0,,,,,1,1,,,,,,,,
t_1280420_b_28090_tn_1,,,2623954,17,,0,0,7161.88844812264,0,,,,,1,1,,,,,,,,
t_1280420_b_28090_tn_1,07:52:00,07:52:00,2623956,18,,0,0,7481.72194388982,1,,,,,1,1,,,,,,,,
t_1280420_b_28090_tn_1,,,2623957,19,,0,0,7883.28033997191,0,,,,,1,1,,,,,,,,
t_1280420_b_28090_tn_1,,,2623961,20,,0,0,8239.59856934171,0,,,,,1,1,,,,,,,,
t_1280420_b_28090_tn_1,,,2623962,21,,0,0,8595.62326322138,0,,,,,1,1,,,,,,,,
t_1280420_b_28090_tn_1,,,2623964,22,,0,0,8851.4665386857,0,,,,,1,1,,,,,,,,
t_1280420_b_28090_tn_1,,,2623965,23,,0,0,9156.50742835909,0,,,,,1,1,,,,,,,,
t_1280420_b_28090_tn_1,,,2623966,24,,0,0,9498.53802731571,0,,,,,1,1,,,,,,,,
t_1280420_b_28090_tn_1,07:56:00,07:56:00,2623967,25,,0,0,9907.76344735544,1,,,,,1,1,,,,,,,,
t_1280420_b_28090_tn_1,,,2623968,26,,0,0,10424.8291516397,0,,,,,1,1,,,,,,,,
t_1280420_b_28090_tn_1,,,2623969,27,,0,0,10743.1738003103,0,,,,,1,1,,,,,,,,
t_1280420_b_28090_tn_1,,,2623970,28,,0,0,11217.9015519108,0,,,,,1,1,,,,,,,,
t_1280420_b_28090_tn_1,08:00:00,08:00:00,2623832,29,,0,0,11618.65879693,1,,,,,1,1,,,,,,,,
t_1280420_b_28090_tn_10,16:30:00,16:30:00,2623832,1,,0,0,0,1,,,,,1,1,,,,,,,,
t_1280420_b_28090_tn_10,,,2623829,2,,0,0,290.579607122104,0,,,,,1,1,,,,,,,,
t_1280420_b_28090_tn_10,,,2623833,3,,0,0,810.076823098715,0,,,,,1,1,,,,,,,,
t_1280420_b_28090_tn_10,,,2623834,4,,0,0,1111.81564414543,0,,,,,1,1,,,,,,,,
t_1280420_b_28090_tn_10,16:37:00,16:37:00,2623835,5,,0,0,1645.74590342659,1,,,,,1,1,,,,,,,,
t_1280420_b_28090_tn_10,,,2623836,6,,0,0,2189.97998969727,0,,,,,1,1,,,,,,,,
t_1280420_b_28090_tn_10,,,2623837,7,,0,0,2528.25887149126,0,,,,,1,1,,,,,,,,
t_1280420_b_28090_tn_10,,,2623838,8,,0,0,2896.90473144178,0,,,,,1,1,,,,,,,,
t_1280420_b_28090_tn_10,,,2623839,9,,0,0,3403.99821037287,0,,,,,1,1,,,,,,,,
t_1280420_b_28090_tn_10,,,2623946,10,,0,0,4325.5142212917,0,,,,,1,1,,,,,,,,
t_1280420_b_28090_tn_10,,,2623947,11,,0,0,4925.1270155963,0,,,,,1,1,,,,,,,,
t_1280420_b_28090_tn_10,,,2623949,12,,0,0,5388.64085486455,0,,,,,1,1,,,,,,,,
t_1280420_b_28090_tn_10,,,2623948,13,,0,0,5495.00326615518,0,,,,,1,1,,,,,,,,
t_1280420_b_28090_tn_10,16:47:00,16:47:00,2623951,14,,0,0,5886.21664854564,1,,,,,1,1,,,,,,,,
t_1280420_b_28090_tn_10,,,2623952,15,,0,0,6188.30423355209,0,,,,,1,1,,,,,,,,
t_1280420_b_28090_tn_10,,,2623953,16,,0,0,6679.07216819859,0,,,,,1,1,,,,,,,,
t_1280420_b_28090_tn_10,,,2623954,17,,0,0,7161.88844812264,0,,,,,1,1,,,,,,,,
t_1280420_b_28090_tn_10,16:52:00,16:52:00,2623956,18,,0,0,7481.72194388982,1,,,,,1,1,,,,,,,,
t_1280420_b_28090_tn_10,,,2623957,19,,0,0,7883.28033997191,0,,,,,1,1,,,,,,,,
t_1280420_b_28090_tn_10,,,2623961,20,,0,0,8239.59856934171,0,,,,,1,1,,,,,,,,
t_1280420_b_28090_tn_10,,,2623962,21,,0,0,8595.62326322138,0,,,,,1,1,,,,,,,,
t_1280420_b_28090_tn_10,,,2623964,22,,0,0,8851.4665386857,0,,,,,1,1,,,,,,,,
t_1280420_b_28090_tn_10,,,2623965,23,,0,0,9156.50742835909,0,,,,,1,1,,,,,,,,
t_1280420_b_28090_tn_10,,,2623966,24,,0,0,9498.53802731571,0,,,,,1,1,,,,,,,,
t_1280420_b_28090_tn_10,16:56:00,16:56:00,2623967,25,,0,0,9907.76344735544,1,,,,,1,1,,,,,,,,
t_1280420_b_28090_tn_10,,,2623968,26,,0,0,10424.8291516397,0,,,,,1,1,,,,,,,,
t_1280420_b_28090_tn_10,,,2623969,27,,0,0,10743.1738003103,0,,,,,1,1,,,,,,,,
t_1280420_b_28090_tn_10,,,2623970,28,,0,0,11217.9015519108,0,,,,,1,1,,,,,,,,
t_1280420_b_28090_tn_10,17:00:00,17:00:00,2623832,29,,0,0,11618.65879693,1,,,,,1,1,,,,,,,,
t_1280420_b_28090_tn_2,08:30:00,08:30:00,2623832,1,,0,0,0,1,,,,,1,1,,,,,,,,
t_1280420_b_28090_tn_2,,,2623829,2,,0,0,290.579607122104,0,,,,,1,1,,,,,,,,
t_1280420_b_28090_tn_2,,,2623833,3,,0,0,810.076823098715,0,,,,,1,1,,,,,,,,
t_1280420_b_28090_tn_2,,,2623834,4,,0,0,1111.81564414543,0,,,,,1,1,,,,,,,,
t_1280420_b_28090_tn_2,08:37:00,08:37:00,2623835,5,,0,0,1645.74590342659,1,,,,,1,1,,,,,,,,
t_1280420_b_28090_tn_2,,,2623836,6,,0,0,2189.97998969727,0,,,,,1,1,,,,,,,,
t_1280420_b_28090_tn_2,,,2623837,7,,0,0,2528.25887149126,0,,,,,1,1,,,,,,,,
t_1280420_b_28090_tn_2,,,2623838,8,,0,0,2896.90473144178,0,,,,,1,1,,,,,,,,
t_1280420_b_28090_tn_2,,,2623839,9,,0,0,3403.99821037287,0,,,,,1,1,,,,,,,,
t_1280420_b_28090_tn_2,,,2623946,10,,0,0,4325.5142212917,0,,,,,1,1,,,,,,,,
t_1280420_b_28090_tn_2,,,2623947,11,,0,0,4925.1270155963,0,,,,,1,1,,,,,,,,
t_1280420_b_28090_tn_2,,,2623949,12,,0,0,5388.64085486455,0,,,,,1,1,,,,,,,,
t_1280420_b_28090_tn_2,,,2623948,13,,0,0,5495.00326615518,0,,,,,1,1,,,,,,,,
t_1280420_b_28090_tn_2,08:47:00,08:47:00,2623951,14,,0,0,5886.21664854564,1,,,,,1,1,,,,,,,,
t_1280420_b_28090_tn_2,,,2623952,15,,0,0,6188.30423355209,0,,,,,1,1,,,,,,,,
t_1280420_b_28090_tn_2,,,2623953,16,,0,0,6679.07216819859,0,,,,,1,1,,,,,,,,
t_1280420_b_28090_tn_2,,,2623954,17,,0,0,7161.88844812264,0,,,,,1,1,,,,,,,,
t_1280420_b_28090_tn_2,08:52:00,08:52:00,2623956,18,,0,0,7481.72194388982,1,,,,,1,1,,,,,,,,
t_1280420_b_28090_tn_2,,,2623957,19,,0,0,7883.28033997191,0,,,,,1,1,,,,,,,,
t_1280420_b_28090_tn_2,,,2623961,20,,0,0,8239.59856934171,0,,,,,1,1,,,,,,,,
t_1280420_b_28090_tn_2,,,2623962,21,,0,0,8595.62326322138,0,,,,,1,1,,,,,,,,
t_1280420_b_28090_tn_2,,,2623964,22,,0,0,8851.4665386857,0,,,,,1,1,,,,,,,,
t_1280420_b_28090_tn_2,,,2623965,23,,0,0,9156.50742835909,0,,,,,1,1,,,,,,,,
t_1280420_b_28090_tn_2,,,2623966,24,,0,0,9498.53802731571,0,,,,,1,1,,,,,,,,
t_1280420_b_28090_tn_2,08:56:00,08:56:00,2623967,25,,0,0,9907.76344735544,1,,,,,1,1,,,,,,,,
t_1280420_b_28090_tn_2,,,2623968,26,,0,0,10424.8291516397,0,,,,,1,1,,,,,,,,
t_1280420_b_28090_tn_2,,,2623969,27,,0,0,10743.1738003103,0,,,,,1,1,,,,,,,,
t_1280420_b_28090_tn_2,,,2623970,28,,0,0,11217.9015519108,0,,,,,1,1,,,,,,,,
t_1280420_b_28090_tn_2,09:00:00,09:00:00,2623832,29,,0,0,11618.65879693,1,,,,,1,1,,,,,,,,
t_1280420_b_28090_tn_3,09:30:00,09:30:00,2623832,1,,0,0,0,1,,,,,1,1,,,,,,,,
t_1280420_b_28090_tn_3,,,2623829,2,,0,0,290.579607122104,0,,,,,1,1,,,,,,,,
t_1280420_b_28090_tn_3,,,2623833,3,,0,0,810.076823098715,0,,,,,1,1,,,,,,,,
t_1280420_b_28090_tn_3,,,2623834,4,,0,0,1111.81564414543,0,,,,,1,1,,,,,,,,
t_1280420_b_28090_tn_3,09:37:00,09:37:00,2623835,5,,0,0,1645.74590342659,1,,,,,1,1,,,,,,,,
t_1280420_b_28090_tn_3,,,2623836,6,,0,0,2189.97998969727,0,,,,,1,1,,,,,,,,
t_1280420_b_28090_tn_3,,,2623837,7,,0,0,2528.25887149126,0,,,,,1,1,,,,,,,,
t_1280420_b_28090_tn_3,,,2623838,8,,0,0,2896.90473144178,0,,,,,1,1,,,,,,,,
t_1280420_b_28090_tn_3,,,2623839,9,,0,0,3403.99821037287,0,,,,,1,1,,,,,,,,
t_1280420_b_28090_tn_3,,,2623946,10,,0,0,4325.5142212917,0,,,,,1,1,,,,,,,,
t_1280420_b_28090_tn_3,,,2623947,11,,0,0,4925.1270155963,0,,,,,1,1,,,,,,,,
t_1280420_b_28090_tn_3,,,2623949,12,,0,0,5388.64085486455,0,,,,,1,1,,,,,,,,
t_1280420_b_28090_tn_3,,,2623948,13,,0,0,5495.00326615518,0,,,,,1,1,,,,,,,,
t_1280420_b_28090_tn_3,09:47:00,09:47:00,2623951,14,,0,0,5886.21664854564,1,,,,,1,1,,,,,,,,
t_1280420_b_28090_tn_3,,,2623952,15,,0,0,6188.30423355209,0,,,,,1,1,,,,,,,,
t_1280420_b_28090_tn_3,,,2623953,16,,0,0,6679.07216819859,0,,,,,1,1,,,,,,,,
t_1280420_b_28090_tn_3,,,2623954,17,,0,0,7161.88844812264,0,,,,,1,1,,,,,,,,
t_1280420_b_28090_tn_3,09:52:00,09:52:00,2623956,18,,0,0,7481.72194388982,1,,,,,1,1,,,,,,,,
t_1280420_b_28090_tn_3,,,2623957,19,,0,0,7883.28033997191,0,,,,,1,1,,,,,,,,
t_1280420_b_28090_tn_3,,,2623961,20,,0,0,8239.59856934171,0,,,,,1,1,,,,,,,,
t_1280420_b_28090_tn_3,,,2623962,21,,0,0,8595.62326322138,0,,,,,1,1,,,,,,,,
t_1280420_b_28090_tn_3,,,2623964,22,,0,0,8851.4665386857,0,,,,,1,1,,,,,,,,
t_1280420_b_28090_tn_3,,,2623965,23,,0,0,9156.50742835909,0,,,,,1,1,,,,,,,,
t_1280420_b_28090_tn_3,,,2623966,24,,0,0,9498.53802731571,0,,,,,1,1,,,,,,,,
t_1280420_b_28090_tn_3,09:56:00,09:56:00,2623967,25,,0,0,9907.76344735544,1,,,,,1,1,,,,,,,,
t_1280420_b_28090_tn_3,,,2623968,26,,0,0,10424.8291516397,0,,,,,1,1,,,,,,,,
t_1280420_b_28090_tn_3,,,2623969,27,,0,0,10743.1738003103,0,,,,,1,1,,,,,,,,
t_1280420_b_28090_tn_3,,,2623970,28,,0,0,11217.9015519108,0,,,,,1,1,,,,,,,,
t_1280420_b_28090_tn_3,10:00:00,10:00:00,2623832,29,,0,0,11618.65879693,1,,,,,1,1,,,,,,,,
t_1280420_b_28090_tn_4,10:30:00,10:30:00,2623832,1,,0,0,0,1,,,,,1,1,,,,,,,,
t_1280420_b_28090_tn_4,,,2623829,2,,0,0,290.579607122104,0,,,,,1,1,,,,,,,,
t_1280420_b_28090_tn_4,,,2623833,3,,0,0,810.076823098715,0,,,,,1,1,,,,,,,,
t_1280420_b_28090_tn_4,,,2623834,4,,0,0,1111.81564414543,0,,,,,1,1,,,,,,,,
t_1280420_b_28090_tn_4,10:37:00,10:37:00,2623835,5,,0,0,1645.74590342659,1,,,,,1,1,,,,,,,,
t_1280420_b_28090_tn_4,,,2623836,6,,0,0,2189.97998969727,0,,,,,1,1,,,,,,,,
t_1280420_b_28090_tn_4,,,2623837,7,,0,0,2528.25887149126,0,,,,,1,1,,,,,,,,
t_1280420_b_28090_tn_4,,,2623838,8,,0,0,2896.90473144178,0,,,,,1,1,,,,,,,,
t_1280420_b_28090_tn_4,,,2623839,9,,0,0,3403.99821037287,0,,,,,1,1,,,,,,,,
t_1280420_b_28090_tn_4,,,2623946,10,,0,0,4325.5142212917,0,,,,,1,1,,,,,,,,
t_1280420_b_28090_tn_4,,,2623947,11,,0,0,4925.1270155963,0,,,,,1,1,,,,,,,,
t_1280420_b_28090_tn_4,,,2623949,12,,0,0,5388.64085486455,0,,,,,1,1,,,,,,,,
t_1280420_b_28090_tn_4,,,2623948,13,,0,0,5495.00326615518,0,,,,,1,1,,,,,,,,
t_1280420_b_28090_tn_4,10:47:00,10:47:00,2623951,14,,0,0,5886.21664854564,1,,,,,1,1,,,,,,,,
t_1280420_b_28090_tn_4,,,2623952,15,,0,0,6188.30423355209,0,,,,,1,1,,,,,,,,
t_1280420_b_28090_tn_4,,,2623953,16,,0,0,6679.07216819859,0,,,,,1,1,,,,,,,,
t_1280420_b_28090_tn_4,,,2623954,17,,0,0,7161.88844812264,0,,,,,1,1,,,,,,,,
t_1280420_b_28090_tn_4,10:52:00,10:52:00,2623956,18,,0,0,7481.72194388982,1,,,,,1,1,,,,,,,,
t_1280420_b_28090_tn_4,,,2623957,19,,0,0,7883.28033997191,0,,,,,1,1,,,,,,,,
t_1280420_b_28090_tn_4,,,2623961,20,,0,0,8239.59856934171,0,,,,,1,1,,,,,,,,
t_1280420_b_28090_tn_4,,,2623962,21,,0,0,8595.62326322138,0,,,,,1,1,,,,,,,,
t_1280420_b_28090_tn_4,,,2623964,22,,0,0,8851.4665386857,0,,,,,1,1,,,,,,,,
t_1280420_b_28090_tn_4,,,2623965,23,,0,0,9156.50742835909,0,,,,,1,1,,,,,,,,
t_1280420_b_28090_tn_4,,,2623966,24,,0,0,9498.53802731571,0,,,,,1,1,,,,,,,,
t_1280420_b_28090_tn_4,10:56:00,10:56:00,2623967,25,,0,0,9907.76344735544,1,,,,,1,1,,,,,,,,
t_1280420_b_28090_tn_4,,,2623968,26,,0,0,10424.8291516397,0,,,,,1,1,,,,,,,,
t_1280420_b_28090_tn_4,,,2623969,27,,0,0,10743.1738003103,0,,,,,1,1,,,,,,,,
t_1280420_b_28090_tn_4,,,2623970,28,,0,0,11217.9015519108,0,,,,,1,1,,,,,,,,
t_1280420_b_28090_tn_4,11:00:00,11:00:00,2623832,29,,0,0,11618.65879693,1,,,,,1,1,,,,,,,,
t_1280420_b_28090_tn_5,11:30:00,11:30:00,2623832,1,,0,0,0,1,,,,,1,1,,,,,,,,
t_1280420_b_28090_tn_5,,,2623829,2,,0,0,290.579607122104,0,,,,,1,1,,,,,,,,
t_1280420_b_28090_tn_5,,,2623833,3,,0,0,810.076823098715,0,,,,,1,1,,,,,,,,
t_1280420_b_28090_tn_5,,,2623834,4,,0,0,1111.81564414543,0,,,,,1,1,,,,,,,,
t_1280420_b_28090_tn_5,11:37:00,11:37:00,2623835,5,,0,0,1645.74590342659,1,,,,,1,1,,,,,,,,
t_1280420_b_28090_tn_5,,,2623836,6,,0,0,2189.97998969727,0,,,,,1,1,,,,,,,,
t_1280420_b_28090_tn_5,,,2623837,7,,0,0,2528.25887149126,0,,,,,1,1,,,,,,,,
t_1280420_b_28090_tn_5,,,2623838,8,,0,0,2896.90473144178,0,,,,,1,1,,,,,,,,
t_1280420_b_28090_tn_5,,,2623839,9,,0,0,3403.99821037287,0,,,,,1,1,,,,,,,,
t_1280420_b_28090_tn_5,,,2623946,10,,0,0,4325.5142212917,0,,,,,1,1,,,,,,,,
t_1280420_b_28090_tn_5,,,2623947,11,,0,0,4925.1270155963,0,,,,,1,1,,,,,,,,
t_1280420_b_28090_tn_5,,,2623949,12,,0,0,5388.64085486455,0,,,,,1,1,,,,,,,,
t_1280420_b_28090_tn_5,,,2623948,13,,0,0,5495.00326615518,0,,,,,1,1,,,,,,,,
t_1280420_b_28090_tn_5,11:47:00,11:47:00,2623951,14,,0,0,5886.21664854564,1,,,,,1,1,,,,,,,,
t_1280420_b_28090_tn_5,,,2623952,15,,0,0,6188.30423355209,0,,,,,1,1,,,,,,,,
t_1280420_b_28090_tn_5,,,2623953,16,,0,0,6679.07216819859,0,,,,,1,1,,,,,,,,
t_1280420_b_28090_tn_5,,,2623954,17,,0,0,7161.88844812264,0,,,,,1,1,,,,,,,,
t_1280420_b_28090_tn_5,11:52:00,11:52:00,2623956,18,,0,0,7481.72194388982,1,,,,,1,1,,,,,,,,
t_1280420_b_28090_tn_5,,,2623957,19,,0,0,7883.28033997191,0,,,,,1,1,,,,,,,,
t_1280420_b_28090_tn_5,,,2623961,20,,0,0,8239.59856934171,0,,,,,1,1,,,,,,,,
t_1280420_b_28090_tn_5,,,2623962,21,,0,0,8595.62326322138,0,,,,,1,1,,,,,,,,
t_1280420_b_28090_tn_5,,,2623964,22,,0,0,8851.4665386857,0,,,,,1,1,,,,,,,,
t_1280420_b_28090_tn_5,,,2623965,23,,0,0,9156.50742835909,0,,,,,1,1,,,,,,,,
t_1280420_b_28090_tn_5,,,2623966,24,,0,0,9498.53802731571,0,,,,,1,1,,,,,,,,
t_1280420_b_28090_tn_5,11:56:00,11:56:00,2623967,25,,0,0,9907.76344735544,1,,,,,1,1,,,,,,,,
t_1280420_b_28090_tn_5,,,2623968,26,,0,0,10424.8291516397,0,,,,,1,1,,,,,,,,
t_1280420_b_28090_tn_5,,,2623969,27,,0,0,10743.1738003103,0,,,,,1,1,,,,,,,,
t_1280420_b_28090_tn_5,,,2623970,28,,0,0,11217.9015519108,0,,,,,1,1,,,,,,,,
t_1280420_b_28090_tn_5,12:00:00,12:00:00,2623832,29,,0,0,11618.65879693,1,,,,,1,1,,,,,,,,
t_1280420_b_28090_tn_6,12:30:00,12:30:00,2623832,1,,0,0,0,1,,,,,1,1,,,,,,,,
t_1280420_b_28090_tn_6,,,2623829,2,,0,0,290.579607122104,0,,,,,1,1,,,,,,,,
t_1280420_b_28090_tn_6,,,2623833,3,,0,0,810.076823098715,0,,,,,1,1,,,,,,,,
t_1280420_b_28090_tn_6,,,2623834,4,,0,0,1111.81564414543,0,,,,,1,1,,,,,,,,
t_1280420_b_28090_tn_6,12:37:00,12:37:00,2623835,5,,0,0,1645.74590342659,1,,,,,1,1,,,,,,,,
t_1280420_b_28090_tn_6,,,2623836,6,,0,0,2189.97998969727,0,,,,,1,1,,,,,,,,
t_1280420_b_28090_tn_6,,,2623837,7,,0,0,2528.25887149126,0,,,,,1,1,,,,,,,,
t_1280420_b_28090_tn_6,,,2623838,8,,0,0,2896.90473144178,0,,,,,1,1,,,,,,,,
t_1280420_b_28090_tn_6,,,2623839,9,,0,0,3403.99821037287,0,,,,,1,1,,,,,,,,
t_1280420_b_28090_tn_6,,,2623946,10,,0,0,4325.5142212917,0,,,,,1,1,,,,,,,,
t_1280420_b_28090_tn_6,,,2623947,11,,0,0,4925.1270155963,0,,,,,1,1,,,,,,,,
t_1280420_b_28090_tn_6,,,2623949,12,,0,0,5388.64085486455,0,,,,,1,1,,,,,,,,
t_1280420_b_28090_tn_6,,,2623948,13,,0,0,5495.00326615518,0,,,,,1,1,,,,,,,,
t_1280420_b_28090_tn_6,12:47:00,12:47:00,2623951,14,,0,0,5886.21664854564,1,,,,,1,1,,,,,,,,
t_1280420_b_28090_tn_6,,,2623952,15,,0,0,6188.30423355209,0,,,,,1,1,,,,,,,,
t_1280420_b_28090_tn_6,,,2623953,16,,0,0,6679.07216819859,0,,,,,1,1,,,,,,,,
t_1280420_b_28090_tn_6,,,2623954,17,,0,0,7161.88844812264,0,,,,,1,1,,,,,,,,
t_1280420_b_28090_tn_6,12:52:00,12:52:00,2623956,18,,0,0,7481.72194388982,1,,,,,1,1,,,,,,,,
t_1280420_b_28090_tn_6,,,2623957,19,,0,0,7883.28033997191,0,,,,,1,1,,,,,,,,
t_1280420_b_28090_tn_6,,,2623961,20,,0,0,8239.59856934171,0,,,,,1,1,,,,,,,,
t_1280420_b_28090_tn_6,,,2623962,21,,0,0,8595.62326322138,0,,,,,1,1,,,,,,,,
t_1280420_b_28090_tn_6,,,2623964,22,,0,0,8851.4665386857,0,,,,,1,1,,,,,,,,
t_1280420_b_28090_tn_6,,,2623965,23,,0,0,9156.50742835909,0,,,,,1,1,,,,,,,,
t_1280420_b_28090_tn_6,,,2623966,24,,0,0,9498.53802731571,0,,,,,1,1,,,,,,,,
t_1280420_b_28090_tn_6,12:56:00,12:56:00,2623967,25,,0,0,9907.76344735544,1,,,,,1,1,,,,,,,,
t_1280420_b_28090_tn_6,,,2623968,26,,0,0,10424.8291516397,0,,,,,1,1,,,,,,,,
t_1280420_b_28090_tn_6,,,2623969,27,,0,0,10743.1738003103,0,,,,,1,1,,,,,,,,
t_1280420_b_28090_tn_6,,,2623970,28,,0,0,11217.9015519108,0,,,,,1,1,,,,,,,,
t_1280420_b_28090_tn_6,13:00:00,13:00:00,2623832,29,,0,0,11618.65879693,1,,,,,1,1,,,,,,,,
t_1280420_b_28090_tn_7,13:30:00,13:30:00,2623832,1,,0,0,0,1,,,,,1,1,,,,,,,,
t_1280420_b_28090_tn_7,,,2623829,2,,0,0,290.579607122104,0,,,,,1,1,,,,,,,,
t_1280420_b_28090_tn_7,,,2623833,3,,0,0,810.076823098715,0,,,,,1,1,,,,,,,,
t_1280420_b_28090_tn_7,,,2623834,4,,0,0,1111.81564414543,0,,,,,1,1,,,,,,,,
t_1280420_b_28090_tn_7,13:37:00,13:37:00,2623835,5,,0,0,1645.74590342659,1,,,,,1,1,,,,,,,,
t_1280420_b_28090_tn_7,,,2623836,6,,0,0,2189.97998969727,0,,,,,1,1,,,,,,,,
t_1280420_b_28090_tn_7,,,2623837,7,,0,0,2528.25887149126,0,,,,,1,1,,,,,,,,
t_1280420_b_28090_tn_7,,,2623838,8,,0,0,2896.90473144178,0,,,,,1,1,,,,,,,,
t_1280420_b_28090_tn_7,,,2623839,9,,0,0,3403.99821037287,0,,,,,1,1,,,,,,,,
t_1280420_b_28090_tn_7,,,2623946,10,,0,0,4325.5142212917,0,,,,,1,1,,,,,,,,
t_1280420_b_28090_tn_7,,,2623947,11,,0,0,4925.1270155963,0,,,,,1,1,,,,,,,,
t_1280420_b_28090_tn_7,,,2623949,12,,0,0,5388.64085486455,0,,,,,1,1,,,,,,,,
t_1280420_b_28090_tn_7,,,2623948,13,,0,0,5495.00326615518,0,,,,,1,1,,,,,,,,
t_1280420_b_28090_tn_7,13:47:00,13:47:00,2623951,14,,0,0,5886.21664854564,1,,,,,1,1,,,,,,,,
t_1280420_b_28090_tn_7,,,2623952,15,,0,0,6188.30423355209,0,,,,,1,1,,,,,,,,
t_1280420_b_28090_tn_7,,,2623953,16,,0,0,6679.07216819859,0,,,,,1,1,,,,,,,,
t_1280420_b_28090_tn_7,,,2623954,17,,0,0,7161.88844812264,0,,,,,1,1,,,,,,,,
t_1280420_b_28090_tn_7,13:52:00,13:52:00,2623956,18,,0,0,7481.72194388982,1,,,,,1,1,,,,,,,,
t_1280420_b_28090_tn_7,,,2623957,19,,0,0,7883.28033997191,0,,,,,1,1,,,,,,,,
t_1280420_b_28090_tn_7,,,2623961,20,,0,0,8239.59856934171,0,,,,,1,1,,,,,,,,
t_1280420_b_28090_tn_7,,,2623962,21,,0,0,8595.62326322138,0,,,,,1,1,,,,,,,,
t_1280420_b_28090_tn_7,,,2623964,22,,0,0,8851.4665386857,0,,,,,1,1,,,,,,,,
t_1280420_b_28090_tn_7,,,2623965,23,,0,0,9156.50742835909,0,,,,,1,1,,,,,,,,
t_1280420_b_28090_tn_7,,,2623966,24,,0,0,9498.53802731571,0,,,,,1,1,,,,,,,,
t_1280420_b_28090_tn_7,13:56:00,13:56:00,2623967,25,,0,0,9907.76344735544,1,,,,,1,1,,,,,,,,
t_1280420_b_28090_tn_7,,,2623968,26,,0,0,10424.8291516397,0,,,,,1,1,,,,,,,,
t_1280420_b_28090_tn_7,,,2623969,27,,0,0,10743.1738003103,0,,,,,1,1,,,,,,,,
t_1280420_b_28090_tn_7,,,2623970,28,,0,0,11217.9015519108,0,,,,,1,1,,,,,,,,
t_1280420_b_28090_tn_7,14:00:00,14:00:00,2623832,29,,0,0,11618.65879693,1,,,,,1,1,,,,,,,,
t_1280420_b_28090_tn_8,14:30:00,14:30:00,2623832,1,,0,0,0,1,,,,,1,1,,,,,,,,
t_1280420_b_28090_tn_8,,,2623829,2,,0,0,290.579607122104,0,,,,,1,1,,,,,,,,
t_1280420_b_28090_tn_8,,,2623833,3,,0,0,810.076823098715,0,,,,,1,1,,,,,,,,
t_1280420_b_28090_tn_8,,,2623834,4,,0,0,1111.81564414543,0,,,,,1,1,,,,,,,,
t_1280420_b_28090_tn_8,14:37:00,14:37:00,2623835,5,,0,0,1645.74590342659,1,,,,,1,1,,,,,,,,
t_1280420_b_28090_tn_8,,,2623836,6,,0,0,2189.97998969727,0,,,,,1,1,,,,,,,,
t_1280420_b_28090_tn_8,,,2623837,7,,0,0,2528.25887149126,0,,,,,1,1,,,,,,,,
t_1280420_b_28090_tn_8,,,2623838,8,,0,0,2896.90473144178,0,,,,,1,1,,,,,,,,
t_1280420_b_28090_tn_8,,,2623839,9,,0,0,3403.99821037287,0,,,,,1,1,,,,,,,,
t_1280420_b_28090_tn_8,,,2623946,10,,0,0,4325.5142212917,0,,,,,1,1,,,,,,,,
t_1280420_b_28090_tn_8,,,2623947,11,,0,0,4925.1270155963,0,,,,,1,1,,,,,,,,
t_1280420_b_28090_tn_8,,,2623949,12,,0,0,5388.64085486455,0,,,,,1,1,,,,,,,,
t_1280420_b_28090_tn_8,,,2623948,13,,0,0,5495.00326615518,0,,,,,1,1,,,,,,,,
t_1280420_b_28090_tn_8,14:47:00,14:47:00,2623951,14,,0,0,5886.21664854564,1,,,,,1,1,,,,,,,,
t_1280420_b_28090_tn_8,,,2623952,15,,0,0,6188.30423355209,0,,,,,1,1,,,,,,,,
t_1280420_b_28090_tn_8,,,2623953,16,,0,0,6679.07216819859,0,,,,,1,1,,,,,,,,
t_1280420_b_28090_tn_8,,,2623954,17,,0,0,7161.88844812264,0,,,,,1,1,,,,,,,,
t_1280420_b_28090_tn_8,14:52:00,14:52:00,2623956,18,,0,0,7481.72194388982,1,,,,,1,1,,,,,,,,
t_1280420_b_28090_tn_8,,,2623957,19,,0,0,7883.28033997191,0,,,,,1,1,,,,,,,,
t_1280420_b_28090_tn_8,,,2623961,20,,0,0,8239.59856934171,0,,,,,1,1,,,,,,,,
t_1280420_b_28090_tn_8,,,2623962,21,,0,0,8595.62326322138,0,,,,,1,1,,,,,,,,
t_1280420_b_28090_tn_8,,,2623964,22,,0,0,8851.4665386857,0,,,,,1,1,,,,,,,,
t_1280420_b_28090_tn_8,,,2623965,23,,0,0,9156.50742835909,0,,,,,1,1,,,,,,,,
t_1280420_b_28090_tn_8,,,2623966,24,,0,0,9498.53802731571,0,,,,,1,1,,,,,,,,
t_1280420_b_28090_tn_8,14:56:00,14:56:00,2623967,25,,0,0,9907.76344735544,1,,,,,1,1,,,,,,,,
t_1280420_b_28090_tn_8,,,2623968,26,,0,0,10424.8291516397,0,,,,,1,1,,,,,,,,
t_1280420_b_28090_tn_8,,,2623969,27,,0,0,10743.1738003103,0,,,,,1,1,,,,,,,,
t_1280420_b_28090_tn_8,,,2623970,28,,0,0,11217.9015519108,0,,,,,1,1,,,,,,,,
t_1280420_b_28090_tn_8,15:00:00,15:00:00,2623832,29,,0,0,11618.65879693,1,,,,,1,1,,,,,,,,
t_1280420_b_28090_tn_9,15:30:00,15:30:00,2623832,1,,0,0,0,1,,,,,1,1,,,,,,,,
t_1280420_b_28090_tn_9,,,2623829,2,,0,0,290.579607122104,0,,,,,1,1,,,,,,,,
t_1280420_b_28090_tn_9,,,2623833,3,,0,0,810.076823098715,0,,,,,1,1,,,,,,,,
t_1280420_b_28090_tn_9,,,2623834,4,,0,0,1111.81564414543,0,,,,,1,1,,,,,,,,
t_1280420_b_28090_tn_9,15:37:00,15:37:00,2623835,5,,0,0,1645.74590342659,1,,,,,1,1,,,,,,,,
t_1280420_b_28090_tn_9,,,2623836,6,,0,0,2189.97998969727,0,,,,,1,1,,,,,,,,
t_1280420_b_28090_tn_9,,,2623837,7,,0,0,2528.25887149126,0,,,,,1,1,,,,,,,,
t_1280420_b_28090_tn_9,,,2623838,8,,0,0,2896.90473144178,0,,,,,1,1,,,,,,,,
t_1280420_b_28090_tn_9,,,2623839,9,,0,0,3403.99821037287,0,,,,,1,1,,,,,,,,
t_1280420_b_28090_tn_9,,,2623946,10,,0,0,4325.5142212917,0,,,,,1,1,,,,,,,,
t_1280420_b_28090_tn_9,,,2623947,11,,0,0,4925.1270155963,0,,,,,1,1,,,,,,,,
t_1280420_b_28090_tn_9,,,2623949,12,,0,0,5388.64085486455,0,,,,,1,1,,,,,,,,
t_1280420_b_28090_tn_9,,,2623948,13,,0,0,5495.00326615518,0,,,,,1,1,,,,,,,,
t_1280420_b_28090_tn_9,15:47:00,15:47:00,2623951,14,,0,0,5886.21664854564,1,,,,,1,1,,,,,,,,
t_1280420_b_28090_tn_9,,,2623952,15,,0,0,6188.30423355209,0,,,,,1,1,,,,,,,,
t_1280420_b_28090_tn_9,,,2623953,16,,0,0,6679.07216819859,0,,,,,1,1,,,,,,,,
t_1280420_b_28090_tn_9,,,2623954,17,,0,0,7161.88844812264,0,,,,,1,1,,,,,,,,
t_1280420_b_28090_tn_9,15:52:00,15:52:00,2623956,18,,0,0,7481.72194388982,1,,,,,1,1,,,,,,,,
t_1280420_b_28090_tn_9,,,2623957,19,,0,0,7883.28033997191,0,,,,,1,1,,,,,,,,
t_1280420_b_28090_tn_9,,,2623961,20,,0,0,8239.59856934171,0,,,,,1,1,,,,,,,,
t_1280420_b_28090_tn_9,,,2623962,21,,0,0,8595.62326322138,0,,,,,1,1,,,,,,,,
t_1280420_b_28090_tn_9,,,2623964,22,,0,0,8851.4665386857,0,,,,,1,1,,,,,,,,
t_1280420_b_28090_tn_9,,,2623965,23,,0,0,9156.50742835909,0,,,,,1,1,,,,,,,,
t_1280420_b_28090_tn_9,,,2623966,24,,0,0,9498.53802731571,0,,,,,1,1,,,,,,,,
t_1280420_b_28090_tn_9,15:56:00,15:56:00,2623967,25,,0,0,9907.76344735544,1,,,,,1,1,,,,,,,,
t_1280420_b_28090_tn_9,,,2623968,26,,0,0,10424.8291516397,0,,,,,1,1,,,,,,,,
t_1280420_b_28090_tn_9,,,2623969,27,,0,0,10743.1738003103,0,,,,,1,1,,,,,,,,
t_1280420_b_28090_tn_9,,,2623970,28,,0,0,11217.9015519108,0,,,,,1,1,,,,,,,,
t_1280420_b_28090_tn_9,16:00:00,16:00:00,2623832,29,,0,0,11618.65879693,1,,,,,1,1,,,,,,,,
