shape_id,shape_pt_lat,shape_pt_lon,shape_pt_sequence,shape_dist_traveled
p_901543,34.063286,-118.168365,1,0
p_901543,34.06332,-118.168953,2,54.41278217
p_901543,34.063328,-118.169044,3,62.86029241
p_901543,34.063332,-118.169121,4,69.98247147
p_901543,34.063335,-118.169266,5,83.37245126
p_901543,34.063354,-118.169479,6,103.14841468
p_901543,34.063396,-118.169792,7,132.41652379
p_901543,34.063408,-118.169922,8,144.49120758
p_901543,34.063404,-118.17012,9,162.77517726
p_901543,34.0634,-118.170219,10,171.92523426
p_901543,34.063389,-118.170303,11,179.77519418
p_901543,34.063354,-118.170525,12,200.63385763
p_901543,34.063274,-118.171036,13,248.63481245
p_901543,34.063187,-118.171532,14,295.4295789
p_901543,34.063164,-118.171654,15,306.97751537
p_901543,34.063236,-118.171677,16,315.241436
p_901543,34.063881,-118.171829,17,388.15015896
p_901543,34.064075,-118.171875,18,410.08431989
p_901543,34.06422,-118.171936,19,427.12553664
p_901543,34.064358,-118.172012,20,443.96422916
p_901543,34.064507,-118.172142,21,464.38932599
p_901543,34.06461,-118.172272,22,480.95905132
p_901543,34.064648,-118.172318,23,486.94232888
p_901543,34.064747,-118.172478,24,505.34762935
p_901543,34.064827,-118.172646,25,523.21576554
p_901543,34.064835,-118.172661,26,524.86042435
p_901543,34.06485,-118.172722,27,530.73227819
p_901543,34.064911,-118.172714,28,537.53879881
p_901543,34.065025,-118.172722,29,550.20563183
p_901543,34.06517,-118.172661,30,567.24683017
p_901543,34.065331,-118.172592,31,586.20746499
p_901543,34.065414,-118.172585,32,595.43677091
p_901543,34.065628,-118.172447,33,622.37680799
p_901543,34.065773,-118.172325,34,642.01174887
p_901543,34.065876,-118.172203,35,658.05455622
p_901543,34.066006,-118.172035,36,679.23134115
p_901543,34.066105,-118.171867,37,698.23421454
p_901543,34.066208,-118.171646,38,721.61673744
p_901543,34.066273,-118.171448,39,741.26537629
p_901543,34.066319,-118.171265,40,758.91241403
p_901543,34.066353,-118.171089,41,775.5914676
p_901543,34.066418,-118.17067,42,814.93681477
p_901543,34.066513,-118.170273,43,853.06990172
p_901543,34.066563,-118.17009,44,870.8502581
p_901543,34.066616,-118.169991,45,881.71683436
p_901543,34.066696,-118.169868,46,896.12757003
p_901543,34.066811,-118.169724,47,914.55105123
p_901543,34.066925,-118.169624,48,930.20732863
p_901543,34.067039,-118.169548,49,944.66844192
p_901543,34.067154,-118.169479,50,958.92649064
p_901543,34.067314,-118.169418,51,977.54615864
p_901543,34.067497,-118.169395,52,997.95591235
p_901543,34.067539,-118.169395,53,1002.6147038
p_901543,34.067677,-118.169418,54,1018.06870318
p_901543,34.067814,-118.169464,55,1033.84735736
p_901543,34.067986,-118.16954,56,1054.17522815
p_901543,34.068077,-118.169579,57,1064.8920735
p_901543,34.06831,-118.169678,58,1092.30542422
p_901543,34.068432,-118.169716,59,1106.28534502
p_901543,34.068569,-118.169746,60,1121.7321517
p_901543,34.068684,-118.169754,61,1134.50972698
p_901543,34.068779,-118.169746,62,1145.07331629
p_901543,34.068928,-118.169724,63,1161.72523807
p_901543,34.069042,-118.169678,64,1175.06443602
p_901543,34.069168,-118.169609,65,1190.42373904
p_901543,34.06926,-118.169548,66,1202.07914589
p_901543,34.069351,-118.169479,67,1214.01475329
p_901543,34.069515,-118.169334,68,1236.59981439
p_901543,34.069637,-118.169243,69,1252.52765652
p_901543,34.069717,-118.169197,70,1262.36515609
p_901543,34.069782,-118.169174,71,1269.88128791
p_901543,34.069904,-118.169136,72,1283.86119663
p_901543,34.070007,-118.169113,73,1295.48192439
p_901543,34.07021,-118.16909,74,1318.09929474
p_901543,34.070354,-118.169083,75,1334.08536553
p_901543,34.070606,-118.16909,76,1362.04559511
p_901543,34.070724,-118.169083,77,1375.1505269
p_901543,34.070782,-118.169083,78,1381.58409945
p_901543,34.070835,-118.169067,79,1387.64573475
p_901543,34.070927,-118.169044,80,1398.06922009
p_901543,34.071033,-118.168999,81,1410.53930136
p_901543,34.071098,-118.168968,82,1418.2964319
p_901543,34.07119,-118.168907,83,1429.95177988
p_901543,34.071285,-118.168831,84,1442.61115074
p_901543,34.071381,-118.168732,85,1456.64344733
p_901543,34.071434,-118.168663,86,1465.31114384
p_901543,34.071526,-118.168526,87,1481.56123739
p_901543,34.071594,-118.168381,88,1496.9248365
p_901543,34.071644,-118.168243,89,1510.81824361
p_901543,34.071655,-118.168205,90,1514.5320761
p_901543,34.071682,-118.168098,91,1524.8530294
p_901543,34.071709,-118.167801,92,1552.43134145
p_901543,34.071709,-118.167603,93,1570.70814393
p_901543,34.071712,-118.166237,94,1696.80005653
p_901543,34.071697,-118.166039,95,1715.15243944
p_901543,34.071667,-118.165878,96,1730.38189142
p_901543,34.071609,-118.165703,97,1747.76966313
p_901543,34.071545,-118.165565,98,1762.35267397
p_901543,34.07143,-118.165405,99,1781.86804377
p_901543,34.071125,-118.165001,100,1832.2197794
p_901543,34.07106,-118.164925,101,1842.27961744
p_901543,34.07069,-118.164436,102,1903.28715426
p_901543,34.070534,-118.16423,103,1928.99748247
p_901543,34.070065,-118.163635,104,2004.64810896
p_901543,34.070023,-118.163582,105,2011.40382142
p_901543,34.069996,-118.163544,106,2016.01618431
p_901543,34.069859,-118.163338,107,2040.35812437
p_901543,34.069775,-118.16317,108,2058.44993069
p_901543,34.069717,-118.16301,109,2074.55980974
p_901543,34.069679,-118.162842,110,2090.63039677
p_901543,34.069664,-118.162682,111,2105.49330884
p_901543,34.06966,-118.162521,112,2120.36172839
p_901543,34.069664,-118.16172,113,2194.30281161
p_901543,34.06966,-118.160927,114,2267.50543384
p_901543,34.069656,-118.159996,115,2353.44654465
p_901543,34.069653,-118.159538,116,2395.72551892
p_901543,34.069645,-118.158562,117,2485.82378286
p_901543,34.069641,-118.158035,118,2534.47281994
p_901543,34.069641,-118.156975,119,2632.32070563
p_901543,34.069637,-118.156693,120,2658.35571725
p_901543,34.069633,-118.155876,121,2733.77374718
p_901543,34.069633,-118.15464,122,2847.86808499
p_901543,34.06963,-118.153961,123,2910.54700779
p_901543,34.06963,-118.153419,124,2960.57866902
p_901543,34.069626,-118.152786,125,3019.01216592
p_901543,34.069626,-118.152176,126,3075.32086478
p_901543,34.069622,-118.152084,127,3083.82490715
p_901543,34.069622,-118.151787,128,3111.24078313
p_901543,34.069958,-118.151794,129,3148.51672951
p_901543,34.070042,-118.151794,130,3157.83431619
p_901543,34.070183,-118.151794,131,3173.47455127
p_901543,34.07106,-118.151802,132,3270.7574059
p_901543,34.071102,-118.15181,133,3275.47436354
p_901543,34.071518,-118.15181,134,3321.6186122
p_901543,34.071651,-118.151817,135,3336.38560498
p_901543,34.072289,-118.151817,136,3407.15491703
p_901543,34.073795,-118.151825,137,3574.20765038
p_901543,34.075619,-118.151863,138,3776.5629465
p_901543,34.076389,-118.151863,139,3861.97424135
p_901543,34.076859,-118.151871,140,3914.11364269
p_901543,34.077457,-118.151871,141,3980.44606338
p_901543,34.077545,-118.151878,142,3990.22871628
p_901543,34.077667,-118.151825,143,4004.61847203
p_901543,34.078732,-118.15184,144,4122.76043096
p_901543,34.078785,-118.151886,145,4130.01224388
p_901543,34.078918,-118.151886,146,4144.76511075
p_901543,34.079037,-118.151894,147,4157.98568097
p_901543,34.079178,-118.151901,148,4173.63927823
p_901543,34.079334,-118.151909,149,4190.95914083
p_901543,34.079563,-118.151871,150,4216.60169358
p_901543,34.080086,-118.151863,151,4274.61955482
p_901543,34.080154,-118.151863,152,4282.16237553
p_901543,34.08036,-118.151855,153,4305.02461273
p_901543,34.083595,-118.151855,154,4663.8633243
p_901543,34.084064,-118.151863,155,4715.89187323
p_901543,34.084324,-118.151863,156,4744.73208922
p_901543,34.085308,-118.151878,157,4853.89000454
p_901543,34.085785,-118.151886,158,4906.80587142
p_901543,34.086102,-118.151886,159,4941.96876017
p_901543,34.08654,-118.151955,160,4990.96901099
p_901543,34.086987,-118.151962,161,5040.55622702
p_901543,34.087524,-118.151962,162,5100.12239516
p_901543,34.087807,-118.15197,163,5131.5225601
p_901543,34.08783,-118.151794,164,5147.96467026
p_901543,34.087833,-118.151642,165,5161.99663487
p_901543,34.0878327149365,-118.151644029794,166,5162.18661369
p_901543,34.087841,-118.15036,167,5280.69275705
p_901543,34.087841,-118.150208,168,5294.72077365
p_901543,34.087849,-118.149567,169,5353.88504876
p_901543,34.087849,-118.14933,170,5375.75767784
p_901543,34.087852,-118.148865,171,5418.67361927
p_901543,34.087856,-118.148788,172,5425.79375411
p_901543,34.087856,-118.148758,173,5428.56244111
p_901543,34.08786,-118.148193,174,5480.7079327
p_901543,34.087864,-118.147781,175,5518.73382012
p_901543,34.087864,-118.147583,176,5537.00715259
p_901543,34.087868,-118.147194,177,5572.91053149
p_901543,34.087872,-118.146751,178,5613.79721029
p_901543,34.087852,-118.146553,179,5632.20471817
p_901543,34.087845,-118.146309,180,5654.73675715
p_901543,34.087772,-118.145981,181,5686.07206982
p_901543,34.087658,-118.145683,182,5716.34223582
p_901543,34.087597,-118.145409,183,5742.51926239
p_901543,34.087566,-118.145309,184,5752.36804184
p_901543,34.087555,-118.145164,185,5765.80558715
p_901543,34.08754,-118.144989,186,5782.04179965
p_901543,34.08754,-118.144699,187,5808.80587339
p_901543,34.087559,-118.142616,188,6001.05728572
p_901543,34.087563,-118.142242,189,6035.576555
p_901543,34.087563,-118.141975,190,6060.21795416
p_901543,34.087578,-118.140579,191,6189.06536508
p_901543,34.087513,-118.139793,192,6261.96266837
p_901543,34.087498,-118.139542,193,6285.1871233
p_901543,34.087471,-118.139305,194,6307.26393719
p_901543,34.08744,-118.13903,195,6332.875575
p_901543,34.087414,-118.138702,196,6363.28378002
p_901543,34.087402,-118.138275,197,6402.71410633
p_901543,34.087406,-118.137032,198,6517.43150527
p_901543,34.087425,-118.135834,199,6628.01506388
p_901543,34.087425,-118.135277,200,6679.42061295
p_901543,34.087433,-118.135201,201,6686.4905672
p_901543,34.087437,-118.135117,202,6694.25561595
p_901543,34.087444,-118.135017,203,6703.51722355
p_901543,34.087471,-118.13488,204,6716.51082247
p_901543,34.087482,-118.134804,205,6723.63019979
p_901543,34.087536,-118.13459,206,6744.26859174
p_901543,34.087681,-118.1343,207,6775.493722
p_901543,34.0876950502649,-118.134280631961,208,6777.8652218
p_901543,34.0876944005898,-118.13428341395,209,6778.13189267
p_901543,34.087753,-118.134155,210,6791.64869759
p_901543,34.087807,-118.134026,211,6804.97598334
p_901543,34.088181,-118.133232,212,6889.18220528
p_901543,34.08868,-118.132172,213,7001.58203521
p_901543,34.089127,-118.131149,214,7108.22126499
p_901543,34.089382,-118.130615,215,7165.04356602
p_901543,34.089653,-118.130074,216,7223.32221735
p_901543,34.090057,-118.129227,217,7313.42426118
p_901543,34.090145,-118.129044,218,7332.93082893
p_901543,34.090641,-118.127991,219,7444.60258643
p_901543,34.091022,-118.127182,220,7530.3938692
p_901543,34.091183,-118.126846,221,7566.17708551
p_901543,34.09129,-118.126602,222,7591.63135031
p_901543,34.091541,-118.126045,223,7650.09035974
p_901543,34.091637,-118.125832,224,7672.44623935
p_901543,34.091805,-118.125481,225,7709.81634172
p_901543,34.091934,-118.125221,226,7737.75328385
p_901543,34.091999,-118.125084,227,7752.30773215
p_901543,34.092148,-118.124779,228,7784.94840522
p_901543,34.092564,-118.125053,229,7837.56673149
p_901543,34.092571,-118.125061,230,7838.63815769
p_901543,34.093098,-118.125404,231,7905.11492631
p_901543,34.093273,-118.125534,232,7927.93465436
p_901543,34.093353,-118.125175,233,7962.23235254
p_901543,34.093399,-118.124977,234,7981.20356708
p_901543,34.09346,-118.124786,235,8000.08384726
p_901543,34.093552,-118.124527,236,8026.07268568
p_901543,34.093643,-118.124298,237,8049.49253754
p_901543,34.093742,-118.124084,238,8072.08901205
p_901543,34.093861,-118.12384,239,8098.18993134
p_901543,34.094059,-118.123421,240,8142.658733
p_901543,34.09428,-118.122932,241,8194.01362957
p_901543,34.094357,-118.122765,242,8211.63339114
p_901543,34.094425,-118.122612,243,8227.64110009
p_901543,34.094505,-118.122421,244,8247.37483412
p_901543,34.094578,-118.122223,245,8267.36060627
p_901543,34.094818,-118.122383,246,8297.80282683
p_901543,34.094883,-118.122429,247,8306.16971618
p_901543,34.095093,-118.122581,248,8333.36099204
p_901543,34.095333,-118.122749,249,8364.1680037
p_901543,34.09549,-118.122856,250,8384.18757347
p_901543,34.095787,-118.123062,251,8422.22327112
p_901543,34.095863,-118.123116,252,8432.01616688
p_901543,34.0961,-118.123283,253,8462.48923327
p_901543,34.096123,-118.123299,254,8465.43693121
p_901543,34.096333,-118.123436,255,8491.94060001
p_901544,34.096333,-118.123436,1,0
p_901544,34.096375,-118.123466,2,5.41928388
p_901544,34.096432,-118.123505,3,12.69448354
p_901544,34.096642,-118.12365,4,39.5581133
p_901544,34.097118,-118.123985,5,100.7421525
p_901544,34.097149,-118.124008,6,104.78306891
p_901544,34.097206,-118.124046,7,112.01304893
p_901544,34.097698,-118.12439,8,175.14845193
p_901544,34.097713,-118.124405,9,177.31279958
p_901544,34.098228,-118.124779,10,244.0545748
p_901544,34.098347,-118.124863,11,259.36219146
p_901544,34.099052,-118.125351,12,349.60255256
p_901544,34.099209,-118.125458,13,369.62191851
p_901544,34.099129,-118.125549,14,381.83912922
p_901544,34.099075,-118.125626,15,391.13240988
p_901544,34.098782,-118.126205,16,453.66981529
p_901544,34.098644,-118.126495,17,484.49915329
p_901544,34.098217,-118.127411,18,581.39175065
p_901544,34.097919,-118.128006,19,645.47993309
p_901544,34.097828,-118.128197,20,665.79100347
p_901544,34.097694,-118.128471,21,695.12075493
p_901544,34.097622,-118.128578,22,707.82026781
p_901544,34.097404,-118.128433,23,735.45684019
p_901544,34.097229,-118.128311,24,757.89696778
p_901544,34.096989,-118.128143,25,788.70381259
p_901544,34.09687,-118.128059,26,804.01148942
p_901544,34.096821,-118.128029,27,810.11118655
p_901544,34.096649,-118.127907,28,832.2641176
p_901544,34.096397,-118.127724,29,864.92209402
p_901544,34.096031,-118.127464,30,912.08009344
p_901544,34.095623,-118.127167,31,964.9891383
p_901544,34.095341,-118.126961,32,1001.59315383
p_901544,34.095173,-118.126839,33,1023.3652215
p_901544,34.09483,-118.126587,34,1067.95633644
p_901544,34.094547,-118.126396,35,1103.95771889
p_901544,34.09433,-118.126244,36,1131.81709875
p_901544,34.094093,-118.126083,37,1162.01407867
p_901544,34.093891,-118.125938,38,1188.11217025
p_901544,34.093693,-118.125801,39,1213.45407348
p_901544,34.093616,-118.125755,40,1222.99197669
p_901544,34.093273,-118.125534,41,1266.16040153
p_901544,34.093098,-118.125404,42,1288.98012958
p_901544,34.093033,-118.125366,43,1296.99777238
p_901544,34.092571,-118.125061,44,1355.46555986
p_901544,34.092564,-118.125053,45,1356.53698606
p_901544,34.092148,-118.124779,46,1409.15531233
p_901544,34.091999,-118.125084,47,1441.7959854
p_901544,34.091934,-118.125221,48,1456.3504337
p_901544,34.091805,-118.125481,49,1484.28737583
p_901544,34.091637,-118.125832,50,1521.6574782
p_901544,34.091541,-118.126045,51,1544.01335781
p_901544,34.09129,-118.126602,52,1602.47236724
p_901544,34.091183,-118.126846,53,1627.92663204
p_901544,34.090641,-118.127991,54,1749.50042978
p_901544,34.09024,-118.128838,55,1839.43696331
p_901544,34.090145,-118.129044,56,1861.17328877
p_901544,34.089653,-118.130074,57,1970.78180077
p_901544,34.089382,-118.130615,58,2029.0604521
p_901544,34.089127,-118.131149,59,2085.88275313
p_901544,34.08868,-118.132172,60,2192.52198291
p_901544,34.088181,-118.133232,61,2304.92181284
p_901544,34.087807,-118.134026,62,2389.12803478
p_901544,34.087753,-118.134155,63,2402.45532053
p_901544,34.087681,-118.1343,64,2418.03937527
p_901544,34.087536,-118.13459,65,2449.26450553
p_901544,34.087482,-118.134804,66,2469.90289748
p_901544,34.087471,-118.13488,67,2477.0222748
p_901544,34.087444,-118.135017,68,2490.01587372
p_901544,34.087437,-118.135117,69,2499.27748132
p_901544,34.087433,-118.135201,70,2507.04253007
p_901544,34.087425,-118.135277,71,2514.11248432
p_901544,34.087425,-118.135529,72,2537.36957295
p_901544,34.087425,-118.135834,73,2565.5180334
p_901544,34.087406,-118.137032,74,2676.10159201
p_901544,34.087402,-118.138275,75,2790.81899095
p_901544,34.087414,-118.138702,76,2830.24931726
p_901544,34.08744,-118.13903,77,2860.65752228
p_901544,34.087471,-118.139305,78,2886.26916009
p_901544,34.087498,-118.139542,79,2908.34597398
p_901544,34.087513,-118.139793,80,2931.57042891
p_901544,34.087578,-118.140579,81,3004.4677322
p_901544,34.087566,-118.141785,82,3115.77728029
p_901544,34.087563,-118.141975,83,3133.31551534
p_901544,34.087559,-118.142616,84,3192.47499659
p_901544,34.08754,-118.144699,85,3384.72640892
p_901544,34.08754,-118.14473,86,3387.58739611
p_901544,34.08754,-118.144989,87,3411.49048266
p_901544,34.087555,-118.145164,88,3427.72669516
p_901544,34.087566,-118.145309,89,3441.16424047
p_901544,34.087597,-118.145409,90,3451.01301992
p_901544,34.087658,-118.145683,91,3477.19004649
p_901544,34.087772,-118.145981,92,3507.46021249
p_901544,34.087845,-118.146309,93,3538.79552516
p_901544,34.087852,-118.146553,94,3561.32756414
p_901544,34.087872,-118.146751,95,3579.73507202
p_901544,34.087868,-118.147194,96,3620.62175082
p_901544,34.087864,-118.147583,97,3656.52512972
p_901544,34.087864,-118.147781,98,3674.79846219
p_901544,34.08786,-118.148193,99,3712.82434961
p_901544,34.087856,-118.148758,100,3764.9698412
p_901544,34.087856,-118.148788,101,3767.7385282
p_901544,34.087852,-118.148865,102,3774.85866304
p_901544,34.087849,-118.14933,103,3817.77460447
p_901544,34.087849,-118.149567,104,3839.64723355
p_901544,34.087841,-118.150208,105,3898.81150866
p_901544,34.087841,-118.15036,106,3912.83952526
p_901544,34.087837,-118.150658,107,3940.34540045
p_901544,34.087837,-118.15094,108,3966.37106404
p_901544,34.087833,-118.151192,109,3989.63227258
p_901544,34.087833,-118.151543,110,4022.02591922
p_901544,34.08783,-118.151794,111,4045.1929972
p_901544,34.087807,-118.15197,112,4061.63510736
p_901544,34.087524,-118.151962,113,4093.0352723
p_901544,34.087524,-118.152092,114,4105.03296279
p_901544,34.087524,-118.151962,115,4117.03065328
p_901544,34.086987,-118.151962,116,4176.59682142
p_901544,34.08654,-118.151955,117,4226.18403745
p_901544,34.08617,-118.151993,118,4267.37546622
p_901544,34.085953,-118.152016,119,4291.53937772
p_901544,34.085678,-118.152016,120,4322.04346039
p_901544,34.085072,-118.152008,121,4389.26741617
p_901544,34.084827,-118.152008,122,4416.44377689
p_901544,34.084705,-118.152,123,4429.99662188
p_901544,34.084473,-118.15197,124,4455.87949064
p_901544,34.08408,-118.15197,125,4499.47258693
p_901544,34.083767,-118.151962,126,4534.19961862
p_901544,34.083565,-118.151962,127,4556.60624604
p_901544,34.080654,-118.151955,128,4879.50627781
p_901544,34.079544,-118.151955,129,5002.6317331
p_901544,34.079334,-118.151909,130,5026.30950462
p_901544,34.079178,-118.151901,131,5043.62936722
p_901544,34.079037,-118.151894,132,5059.28296448
p_901544,34.079025,-118.151894,133,5060.61405025
p_901544,34.078918,-118.151886,134,5072.50584483
p_901544,34.078785,-118.151886,135,5087.2587117
p_901544,34.078728,-118.151939,136,5095.2528588
p_901544,34.078442,-118.151924,137,5127.00726376
p_901544,34.077679,-118.151924,138,5211.64212067
p_901544,34.077545,-118.151878,139,5227.10042806
p_901544,34.077412,-118.151871,140,5241.86743304
p_901544,34.076859,-118.151871,141,5303.20828338
p_901544,34.076511,-118.151863,142,5341.81681795
p_901544,34.075619,-118.151863,143,5440.76081245
p_901544,34.073795,-118.151825,144,5643.11610857
p_901544,34.072289,-118.151817,145,5810.16884192
p_901544,34.071651,-118.151817,146,5880.93815397
p_901544,34.071518,-118.15181,147,5895.70514675
p_901544,34.071102,-118.15181,148,5941.84939541
p_901544,34.07106,-118.151802,149,5946.56635305
p_901544,34.070183,-118.151794,150,6043.84920768
p_901544,34.069843,-118.151794,151,6081.5632491
p_901544,34.069622,-118.151787,152,6106.0858895
p_901544,34.069622,-118.152084,153,6133.50176548
p_901544,34.069626,-118.152176,154,6142.00580785
p_901544,34.069626,-118.152786,155,6198.31450671
p_901544,34.06963,-118.153419,156,6256.74800361
p_901544,34.06963,-118.153961,157,6306.77966484
p_901544,34.069633,-118.15464,158,6369.45858764
p_901544,34.069633,-118.155876,159,6483.55292545
p_901544,34.069637,-118.156693,160,6558.97095538
p_901544,34.069641,-118.156975,161,6585.005967
p_901544,34.069641,-118.157784,162,6659.68421183
p_901544,34.069641,-118.157837,163,6664.57660612
p_901544,34.069645,-118.158562,164,6731.50233677
p_901544,34.069653,-118.159538,165,6821.60060071
p_901544,34.069656,-118.159996,166,6863.87957498
p_901544,34.06966,-118.160927,167,6949.82068579
p_901544,34.069664,-118.16172,168,7023.02330802
p_901544,34.06966,-118.162521,169,7096.96439124
p_901544,34.069664,-118.162682,170,7111.83281079
p_901544,34.069679,-118.162842,171,7126.69572286
p_901544,34.069717,-118.16301,172,7142.76630989
p_901544,34.069775,-118.16317,173,7158.87618894
p_901544,34.069859,-118.163338,174,7176.96799526
p_901544,34.069996,-118.163544,175,7201.30993532
p_901544,34.070023,-118.163582,176,7205.92229821
p_901544,34.070065,-118.163635,177,7212.67801067
p_901544,34.070534,-118.16423,178,7288.32863716
p_901544,34.07069,-118.164436,179,7314.03896537
p_901544,34.07106,-118.164925,180,7375.04650219
p_901544,34.071125,-118.165001,181,7385.10634023
p_901544,34.07143,-118.165405,182,7435.45807586
p_901544,34.071545,-118.165565,183,7454.97344566
p_901544,34.071609,-118.165703,184,7469.5564565
p_901544,34.071667,-118.165878,185,7486.94422821
p_901544,34.071697,-118.166039,186,7502.17368019
p_901544,34.071712,-118.166237,187,7520.5260631
p_901544,34.071709,-118.167603,188,7646.6179757
p_901544,34.071709,-118.167801,189,7664.89477818
p_901544,34.071701,-118.16787,190,7671.32548802
p_901544,34.071682,-118.168098,191,7692.4767692
p_901544,34.071655,-118.168205,192,7702.7977225
p_901544,34.071594,-118.168381,193,7720.39652853
p_901544,34.071526,-118.168526,194,7735.76012764
p_901544,34.071434,-118.168663,195,7752.01022119
p_901544,34.071381,-118.168732,196,7760.6779177
p_901544,34.071285,-118.168831,197,7774.71021429
p_901544,34.07119,-118.168907,198,7787.36958515
p_901544,34.071098,-118.168968,199,7799.02493313
p_901544,34.071033,-118.168999,200,7806.78206367
p_901544,34.070927,-118.169044,201,7819.25214494
p_901544,34.070835,-118.169067,202,7829.67563028
p_901544,34.070782,-118.169083,203,7835.73726558
p_901544,34.070724,-118.169083,204,7842.17083813
p_901544,34.070606,-118.16909,205,7855.27576992
p_901544,34.070354,-118.169083,206,7883.2359995
p_901544,34.07021,-118.16909,207,7899.22207029
p_901544,34.070007,-118.169113,208,7921.83944064
p_901544,34.069904,-118.169136,209,7933.4601684
p_901544,34.069782,-118.169174,210,7947.44007712
p_901544,34.069717,-118.169197,211,7954.95620894
p_901544,34.069637,-118.169243,212,7964.79370851
p_901544,34.069515,-118.169334,213,7980.72155064
p_901544,34.069351,-118.169479,214,8003.30661174
p_901544,34.06926,-118.169548,215,8015.24221914
p_901544,34.069168,-118.169609,216,8026.89762599
p_901544,34.069042,-118.169678,217,8042.25692901
p_901544,34.068928,-118.169724,218,8055.59612696
p_901544,34.068779,-118.169746,219,8072.24804874
p_901544,34.068684,-118.169754,220,8082.81163805
p_901544,34.068569,-118.169746,221,8095.58921333
p_901544,34.068432,-118.169716,222,8111.03602001
p_901544,34.06831,-118.169678,223,8125.01594081
p_901544,34.068077,-118.169579,224,8152.42929153
p_901544,34.067986,-118.16954,225,8163.14613688
p_901544,34.067814,-118.169464,226,8183.47400767
p_901544,34.067677,-118.169418,227,8199.25266185
p_901544,34.067539,-118.169395,228,8214.70666123
p_901544,34.067497,-118.169395,229,8219.36545268
p_901544,34.067314,-118.169418,230,8239.77520639
p_901544,34.067154,-118.169479,231,8258.39487439
p_901544,34.067039,-118.169548,232,8272.65292311
p_901544,34.066925,-118.169624,233,8287.1140364
p_901544,34.066811,-118.169724,234,8302.7703138
p_901544,34.066696,-118.169868,235,8321.193795
p_901544,34.066616,-118.169991,236,8335.60453067
p_901544,34.066563,-118.17009,237,8346.47110693
p_901544,34.066513,-118.170273,238,8364.25146331
p_901544,34.066418,-118.17067,239,8402.38455026
p_901544,34.066353,-118.171089,240,8441.72989743
p_901544,34.066319,-118.171265,241,8458.408951
p_901544,34.066273,-118.171448,242,8476.05598874
p_901544,34.066208,-118.171646,243,8495.70462759
p_901544,34.066105,-118.171867,244,8519.08715049
p_901544,34.066006,-118.172035,245,8538.09002388
p_901544,34.065876,-118.172203,246,8559.26680881
p_901544,34.065773,-118.172325,247,8575.30961616
p_901544,34.065628,-118.172447,248,8594.94455704
p_901544,34.065414,-118.172585,249,8621.88459412
p_901544,34.065327,-118.172668,250,8634.20678556
p_901544,34.065071,-118.172783,251,8664.52277996
p_901544,34.065044,-118.172798,252,8667.82233701
p_901544,34.064995,-118.172829,253,8673.96494011
p_901544,34.064934,-118.17289,254,8682.76797863
p_901544,34.064831,-118.172935,255,8694.92489
p_901544,34.064579,-118.172935,256,8722.87762592
p_901544,34.064526,-118.172951,257,8728.93928186
p_901544,34.064182,-118.173096,258,8769.37672316
p_901544,34.064011,-118.173164,259,8789.35642562
p_901544,34.063824,-118.173241,260,8811.28329421
p_901544,34.063587,-118.17337,261,8840.14370056
p_901544,34.063324,-118.173531,262,8872.88454208
p_901544,34.062683,-118.174026,263,8957.40482342
p_901544,34.062546,-118.17411,264,8974.46555209
p_901544,34.062412,-118.174179,265,8990.63671339
p_901544,34.062267,-118.174232,266,9007.44836908
p_901544,34.062141,-118.174255,267,9021.58509802
p_901544,34.062065,-118.174263,268,9030.0475733
p_901544,34.061985,-118.174255,269,9038.95213383
p_901544,34.061852,-118.174248,270,9053.7191066
p_901544,34.061737,-118.174217,271,9066.79239662
p_901544,34.061668,-118.174232,272,9074.57038088
p_901544,34.061398,-118.174103,273,9106.80062136
p_901544,34.061253,-118.17395,274,9128.20621383
p_901544,34.061317,-118.17379,275,9144.59456333
p_901544,34.061508,-118.173355,276,9189.99900365
p_901544,34.06181,-118.172691,277,9259.85428745
p_901544,34.062317,-118.171593,278,9375.77465681
p_901544,34.062412,-118.17144,279,9393.39698068
p_901544,34.062527,-118.171471,280,9406.4702671
p_901544,34.063087,-118.171631,281,9470.31943272
p_901544,34.063164,-118.171654,282,9479.12050606
p_901544,34.063187,-118.171532,283,9490.66844253
p_901544,34.063274,-118.171036,284,9537.46320898
p_901544,34.063354,-118.170525,285,9585.4641638
p_901544,34.063389,-118.170303,286,9606.32282725
p_901544,34.0634,-118.170219,287,9614.17278717
p_901544,34.063404,-118.17012,288,9623.32284417
p_901544,34.063408,-118.169922,289,9641.60681385
p_901544,34.063396,-118.169792,290,9653.68149764
p_901544,34.063354,-118.169479,291,9682.94960675
p_901544,34.063335,-118.169266,292,9702.72557017
p_901544,34.063332,-118.169121,293,9716.11554996
p_901544,34.063328,-118.169044,294,9723.23772902
p_901544,34.06332,-118.168953,295,9731.68523926
p_901544,34.063286,-118.168365,296,9786.09802143
p_901545,34.079414,-118.111305,1,0
p_901545,34.079739,-118.111313,2,36.05780396
p_901545,34.080387,-118.11132,3,107.93935134
p_901545,34.081028,-118.111336,4,179.05686983
p_901545,34.080986,-118.112221,5,260.87246267
p_901545,34.080986,-118.112236,6,262.25691797
p_901545,34.080948,-118.11306,7,338.42639792
p_901545,34.080944,-118.113159,8,347.57457338
p_901545,34.08091,-118.113861,9,412.47679585
p_901545,34.080898,-118.114082,10,432.91784206
p_901545,34.080849,-118.115021,11,519.75512616
p_901545,34.080807,-118.115952,12,605.81001218
p_901545,34.080757,-118.116936,13,696.79968669
p_901545,34.082832,-118.116936,14,926.96670502
p_901545,34.084023,-118.116951,15,1059.08431613
p_901545,34.084282,-118.116943,16,1087.82309431
p_901545,34.085537,-118.116974,17,1227.06201238
p_901545,34.08577,-118.116982,18,1252.91783307
p_901545,34.087093,-118.116982,19,1399.67021642
p_901545,34.087486,-118.116974,20,1443.26958602
p_901545,34.089191,-118.116974,21,1632.39497635
p_901545,34.089184,-118.117188,22,1652.15989215
p_901545,34.089153,-118.118248,23,1750.04574005
p_901545,34.089146,-118.119789,24,1892.26391897
p_901545,34.08976,-118.119781,25,1960.37525825
p_901545,34.090431,-118.119766,26,2034.81814399
p_901545,34.090607,-118.119774,27,2054.35472702
p_901545,34.0909,-118.119774,28,2086.85546672
p_901545,34.090992,-118.119781,29,2097.08090386
p_901545,34.091087,-118.119804,30,2107.83033262
p_901545,34.091152,-118.119827,31,2115.34633794
p_901545,34.091228,-118.119873,32,2124.7850905
p_901545,34.091305,-118.119919,33,2134.32304379
p_901545,34.09137,-118.119965,34,2142.69001856
p_901545,34.092209,-118.120552,35,2250.37331975
p_901545,34.092659,-118.120872,36,2308.37050786
p_901545,34.092899,-118.12104,37,2339.17773371
p_901545,34.093426,-118.121414,38,2407.06326407
p_901545,34.09359,-118.121529,39,2428.12411888
p_901545,34.093651,-118.121574,40,2436.06320388
p_901545,34.094257,-118.121994,41,2513.65685897
p_901545,34.09436,-118.12207,42,2527.06296202
p_901545,34.094578,-118.122223,43,2555.06465144
p_901545,34.094818,-118.122383,44,2585.506872
p_901545,34.094883,-118.122429,45,2593.87376135
p_901545,34.095093,-118.122581,46,2621.06503721
p_901545,34.095333,-118.122749,47,2651.87204887
p_901545,34.09549,-118.122856,48,2671.89161864
p_901545,34.095787,-118.123062,49,2709.92731629
p_901545,34.095863,-118.123116,50,2719.72021205
p_901545,34.0961,-118.123283,51,2750.19327844
p_901545,34.096123,-118.123299,52,2753.14097638
p_901545,34.096375,-118.123466,53,2785.0605216
p_901545,34.096432,-118.123505,54,2792.33572126
p_901545,34.096642,-118.12365,55,2819.19935102
p_901545,34.096489,-118.123985,56,2854.46539089
p_901545,34.096432,-118.124107,57,2867.37751776
p_901545,34.09621,-118.124596,58,2918.78445815
p_901545,34.096107,-118.124817,59,2942.16073265
p_901545,34.096069,-118.124893,60,2950.34327383
p_901545,34.095787,-118.125488,61,3013.53554797
p_901545,34.095684,-118.125717,62,3037.55868596
p_901545,34.095638,-118.125816,63,3048.02286128
p_901545,34.095402,-118.126343,64,3103.25315299
p_901545,34.095287,-118.126587,65,3129.1321596
p_901545,34.095173,-118.126839,66,3155.6028553
p_901545,34.094959,-118.127281,67,3202.79592014
p_901545,34.094955,-118.127289,68,3203.65724864
p_901545,34.094822,-118.127563,69,3232.93167604
p_901545,34.094658,-118.127907,70,3269.51965505
p_901545,34.094475,-118.128304,71,3311.40348548
p_901545,34.094357,-118.128563,72,3338.6539572
p_901545,34.094177,-118.128944,73,3379.08732557
p_901545,34.094063,-118.129181,74,3404.35085914
p_901545,34.09396,-118.129395,75,3427.16619394
p_901545,34.09383,-118.129662,76,3455.71524499
p_901545,34.093643,-118.130051,77,3497.17536687
p_901545,34.093433,-118.130508,78,3545.35439083
p_901545,34.093334,-118.130722,79,3567.95092779
p_901545,34.093143,-118.131142,80,3612.12264433
p_901545,34.092953,-118.131531,81,3653.75050123
p_901545,34.092815,-118.131805,82,3683.30882021
p_901545,34.092636,-118.132179,83,3723.12685121
p_901545,34.092545,-118.132385,84,3744.6510995
p_901545,34.092442,-118.132607,85,3768.10869289
p_901545,34.092339,-118.132828,86,3791.48575237
p_901545,34.092144,-118.13324,87,3835.22918038
p_901545,34.091995,-118.133575,88,3870.2852897
p_901545,34.091869,-118.133858,89,3899.90660614
p_901545,34.091785,-118.134048,90,3919.76274303
p_901545,34.091625,-118.134407,91,3957.34748889
p_901545,34.091595,-118.134613,92,3976.64735121
p_901545,34.09156,-118.134773,93,3991.91489898
p_901545,34.09156,-118.13504,94,4016.55514013
p_901545,34.09156,-118.135201,95,4031.41311326
p_901545,34.091557,-118.135406,96,4050.33457727
p_901545,34.091557,-118.135864,97,4092.60135946
p_901545,34.091553,-118.136253,98,4128.50318133
p_901545,34.091549,-118.1371,99,4206.6703075
p_901545,34.091545,-118.138138,100,4302.46374787
p_901545,34.091545,-118.138313,101,4318.61372151
p_901545,34.091541,-118.138954,102,4377.77043316
p_901545,34.091541,-118.138992,103,4381.27728474
p_901545,34.091537,-118.139214,104,4401.76948532
p_901545,34.091537,-118.139671,105,4443.94399187
p_901545,34.091534,-118.139999,106,4474.21548925
p_901545,34.091537,-118.140175,107,4490.46115883
p_901545,34.09153,-118.140419,108,4512.99222275
p_901545,34.09153,-118.140778,109,4546.12274594
p_901545,34.091526,-118.14109,110,4574.91926599
p_901545,34.091522,-118.141655,111,4627.06251011
p_901545,34.091518,-118.141869,112,4646.81661009
p_901545,34.091518,-118.142715,113,4724.89022172
p_901545,34.091515,-118.143158,114,4765.77409443
p_901545,34.091515,-118.143265,115,4775.64865322
p_901545,34.091511,-118.143364,116,4784.795695
p_901545,34.091507,-118.144089,117,4851.70422814
p_901545,34.09161,-118.144089,118,4863.12940435
p_901545,34.091507,-118.144089,119,4874.55458056
p_901545,34.091507,-118.144333,120,4897.07226815
p_901545,34.091511,-118.144478,121,4910.46103448
p_901545,34.091511,-118.144691,122,4930.11786739
p_901545,34.091515,-118.14489,123,4948.48806056
p_901545,34.091518,-118.145027,124,4961.13556561
p_901545,34.091518,-118.145241,125,4980.8846825
p_901545,34.091465,-118.145332,126,4991.13595554
p_901545,34.091404,-118.145424,127,5001.99268696
p_901545,34.091358,-118.1455,128,5010.66608202
p_901545,34.091309,-118.145576,129,5019.53932928
p_901545,34.091251,-118.145653,130,5029.12507487
p_901545,34.091202,-118.145714,131,5036.95021664001
p_901545,34.091145,-118.145782,132,5045.85849225
p_901545,34.09108,-118.145844,133,5055.06301485
p_901545,34.091,-118.145912,134,5065.93167823
p_901545,34.090919,-118.145973,135,5076.53442619
p_901545,34.090847,-118.146019,136,5085.57909987
p_901545,34.090748,-118.14608,137,5097.91943186
p_901545,34.090626,-118.146072,138,5111.47228709001
p_901545,34.090363,-118.14624,139,5144.50929861001
p_901545,34.090275,-118.146301,140,5155.77759573001
p_901545,34.090096,-118.146416,141,5178.29143224001
p_901545,34.090034,-118.146454,142,5186.01124680001
p_901545,34.089958,-118.146492,143,5195.14180799
p_901545,34.089893,-118.146523,144,5202.89872519001
p_901545,34.089817,-118.146553,145,5211.77194089001
p_901545,34.089748,-118.146568,146,5219.54987829001
p_901545,34.089706,-118.146576,147,5224.26682458001
p_901545,34.089676,-118.146584,148,5227.67546208001
p_901545,34.089596,-118.146591,149,5236.57286609001
p_901545,34.089588,-118.146591,150,5237.46025813001
p_901545,34.089432,-118.146584,151,5254.77645733001
p_901545,34.08923,-118.146576,152,5277.19526577001
p_901545,34.088924,-118.146568,153,5311.14603722001
p_901545,34.088848,-118.146652,154,5322.59879814001
p_901545,34.088348,-118.146637,155,5378.07806555001
p_901545,34.088146,-118.146637,156,5400.48470970001
p_901545,34.088058,-118.146637,157,5410.24601979001
p_901545,34.087852,-118.146553,158,5434.37559445001
p_901545,34.087872,-118.146751,159,5452.78310233001
p_901545,34.087868,-118.147194,160,5493.66978113
p_901545,34.087864,-118.147583,161,5529.57316003
p_901545,34.087864,-118.147781,162,5547.8464925
p_901545,34.08786,-118.148193,163,5585.87237992
p_901545,34.087856,-118.148758,164,5638.01787151
p_901545,34.087856,-118.148788,165,5640.78655851
p_901545,34.087852,-118.148865,166,5647.90669335
p_901545,34.087849,-118.14933,167,5690.82263478
p_901545,34.087849,-118.149567,168,5712.69526386
p_901545,34.087841,-118.150208,169,5771.85953897
p_901545,34.087841,-118.15036,170,5785.88755557
p_901545,34.087837,-118.150658,171,5813.39343076
p_901545,34.087837,-118.15094,172,5839.41909435
p_901545,34.087833,-118.151192,173,5862.68030289
p_901545,34.087833,-118.151543,174,5895.07394953
p_901545,34.08783,-118.151794,175,5918.24102751
p_901545,34.087807,-118.15197,176,5934.68313767
p_901545,34.087524,-118.151962,177,5966.08330261
p_901545,34.087524,-118.152092,178,5978.0809931
p_901545,34.087524,-118.151962,179,5990.07868359
p_901545,34.086987,-118.151962,180,6049.64485173
p_901545,34.08654,-118.151955,181,6099.23206776
p_901545,34.08617,-118.151993,182,6140.42349653
p_901545,34.085953,-118.152016,183,6164.58740803
p_901545,34.085678,-118.152016,184,6195.0914907
p_901545,34.085072,-118.152008,185,6262.31544648
p_901545,34.084827,-118.152008,186,6289.4918072
p_901545,34.084705,-118.152,187,6303.04465219
p_901545,34.084473,-118.15197,188,6328.92752095
p_901545,34.08408,-118.15197,189,6372.52061724
p_901545,34.083767,-118.151962,190,6407.24764893
p_901545,34.083565,-118.151962,191,6429.65427635
p_901545,34.080654,-118.151955,192,6752.55430812
p_901545,34.079544,-118.151955,193,6875.67976341
p_901545,34.079334,-118.151909,194,6899.35753493
p_901545,34.079178,-118.151901,195,6916.67739753
p_901545,34.079037,-118.151894,196,6932.33099479
p_901545,34.079025,-118.151894,197,6933.66208056
p_901545,34.078918,-118.151886,198,6945.55387514
p_901545,34.078785,-118.151886,199,6960.30674201
p_901545,34.078728,-118.151939,200,6968.30088911
p_901545,34.078442,-118.151924,201,7000.05529407
p_901545,34.077679,-118.151924,202,7084.69015098
p_901545,34.077545,-118.151878,203,7100.14845837
p_901545,34.077412,-118.151871,204,7114.91546335
p_901545,34.076859,-118.151871,205,7176.25631369
p_901545,34.076893,-118.151169,206,7241.16161575
p_901545,34.076897,-118.15107,207,7250.31022574001
p_901545,34.076912,-118.150803,208,7275.01081556
p_901545,34.076954,-118.150146,209,7335.83153833001
p_901545,34.076977,-118.14975,210,7372.47181451001
p_901545,34.077003,-118.149338,211,7410.60917657
p_901545,34.077019,-118.149086,212,7433.93672373
p_901545,34.077045,-118.148689,213,7470.69366103
p_901545,34.077065,-118.148323,214,7504.54869627
p_901545,34.076996,-118.148323,215,7512.20243696
p_901545,34.077065,-118.148323,216,7519.85617765
p_901545,34.077072,-118.148125,217,7538.14831629
p_901545,34.077084,-118.147972,218,7552.33300138
p_901545,34.077103,-118.147598,219,7586.91794137
p_901545,34.077141,-118.146927,220,7648.99532433
p_901545,34.077156,-118.14653,221,7685.67664956
p_901545,34.077179,-118.146133,222,7722.40891689
p_901545,34.077194,-118.145859,223,7747.75410305
p_901545,34.077217,-118.145462,224,7784.48635405
p_901545,34.077236,-118.145157,225,7812.7169685
p_901545,34.077255,-118.144829,226,7843.06499114
p_901545,34.077282,-118.144394,227,7883.32749368
p_901545,34.077324,-118.143646,228,7952.52565935
p_901545,34.077328,-118.143593,229,7957.43769199
p_901545,34.077354,-118.143143,230,7999.07313614
p_901545,34.077393,-118.142471,231,8061.25004387
p_901545,34.077427,-118.141869,232,8116.94302793
p_901545,34.077446,-118.141548,233,8146.64647048
p_901545,34.077507,-118.140564,234,8237.722181
p_901545,34.077541,-118.14003,235,8287.15487285
p_901545,34.077564,-118.13961,236,8326.00504499
p_901545,34.077579,-118.13932,237,8352.82391807
p_901545,34.077583,-118.139244,238,8359.85279036
p_901545,34.077591,-118.13913,239,8370.41242349
p_901545,34.077591,-118.139091,240,8374.01215091
p_901545,34.077618,-118.138687,241,8411.42170665
p_901545,34.077644,-118.138184,242,8457.9384286
p_901545,34.07766,-118.137909,243,8483.38307529
p_901545,34.077702,-118.137192,244,8549.72638808
p_901545,34.077736,-118.13662,245,8602.65684233
p_901545,34.077751,-118.136345,246,8628.09396545
p_901545,34.07777,-118.135994,247,8660.55992659
p_901545,34.07782,-118.135193,248,8734.70034927
p_901545,34.077831,-118.134941,249,8757.99204409
p_901545,34.077847,-118.134674,250,8782.70008376
p_901545,34.077858,-118.134491,251,8799.63507389
p_901545,34.077866,-118.134361,252,8811.66689583
p_901545,34.077881,-118.134079,253,8837.7487336
p_901545,34.077888,-118.133972,254,8847.65535082
p_901545,34.077904,-118.133713,255,8871.62693711
p_901545,34.077915,-118.133537,256,8887.91755916
p_901545,34.07793,-118.133263,257,8913.26252705
p_901545,34.077988,-118.133148,258,8925.67458994
p_901545,34.078026,-118.132462,259,8989.13270828
p_901545,34.078041,-118.132217,260,9011.80739184
p_901545,34.078068,-118.131744,261,9055.56799271
p_901545,34.078091,-118.131371,262,9090.09035663
p_901545,34.078102,-118.131165,263,9109.14329861
p_901545,34.07814,-118.130524,264,9168.4576411
p_901545,34.078182,-118.129776,265,9237.65511221
p_901545,34.078194,-118.129539,266,9259.57068578
p_901545,34.078209,-118.129311,267,9280.6807683
p_901545,34.07822,-118.129082,268,9301.85266338
p_901545,34.078232,-118.128906,269,9318.15190869
p_901545,34.078285,-118.128044,270,9397.93139625
p_901545,34.078316,-118.127487,271,9449.45732783
p_901545,34.07832,-118.127357,272,9461.46451734
p_901545,34.078331,-118.127174,273,9478.39941382
p_901545,34.07835,-118.126801,274,9512.89172097
p_901545,34.078365,-118.126534,275,9537.59189094
p_901545,34.078373,-118.126427,276,9547.50776283
p_901545,34.078396,-118.126083,277,9579.36124179
p_901545,34.078426,-118.125534,278,9630.14298888
p_901545,34.078445,-118.125191,279,9661.87188898
p_901545,34.07848,-118.124596,280,9716.92730037
p_901545,34.078495,-118.124298,281,9744.48289933
p_901545,34.078453,-118.124199,282,9754.73967835
p_901545,34.078468,-118.123917,283,9780.82133693
p_901545,34.078518,-118.123116,284,9854.96115486
p_901545,34.078522,-118.123016,285,9864.20178272
p_901545,34.078529,-118.122902,286,9874.75255749
p_901545,34.078541,-118.122711,287,9892.43197622
p_901545,34.078568,-118.122208,288,9938.95520431
p_901545,34.078575,-118.122025,289,9955.86387589
p_901545,34.078636,-118.12191,290,9968.45157474
p_901545,34.078651,-118.121613,291,9995.91499278
p_901545,34.078659,-118.12146,292,10010.06467731
p_901545,34.07869,-118.120834,293,10067.94641329
p_901545,34.078732,-118.120155,294,10130.79068781
p_901545,34.078754,-118.119743,295,10168.89628343
p_901545,34.078709,-118.119576,296,10185.09836708
p_901545,34.078747,-118.118652,297,10270.48717711
p_901545,34.078766,-118.118217,298,10310.69270938
p_901545,34.078815,-118.117455,299,10381.23455969
p_901545,34.078846,-118.117012,300,10422.26751155
p_901545,34.07885,-118.116928,301,10430.03334154
p_901545,34.078857,-118.116814,302,10440.58407586
p_901545,34.078869,-118.116585,303,10461.76249236
p_901545,34.078918,-118.115677,304,10545.7463123
p_901545,34.078968,-118.11557,305,10557.07309332
p_901545,34.079021,-118.114571,306,10649.4672013
p_901545,34.079044,-118.114098,307,10693.19917537
p_901545,34.079063,-118.113686,308,10731.28476924
p_901545,34.079071,-118.113533,309,10745.43438553
p_901545,34.079124,-118.11245,310,10845.56700827
p_901545,34.079155,-118.111748,311,10910.45210346
p_901545,34.079182,-118.111305,312,10951.45009496
p_901545,34.079414,-118.111305,313,10977.18442099
p_901546,34.079163,-118.111595,1,0
p_901546,34.079155,-118.111748,2,14.14960105
p_901546,34.079124,-118.11245,3,79.03469624
p_901546,34.079071,-118.113533,4,179.16731898
p_901546,34.079063,-118.113686,5,193.31693527
p_901546,34.079044,-118.114098,6,231.40252914
p_901546,34.079021,-118.114571,7,275.13450321
p_901546,34.078968,-118.11557,8,367.52861119
p_901546,34.079018,-118.115685,9,379.50466417
p_901546,34.078983,-118.116402,10,445.79695194
p_901546,34.078957,-118.116928,11,494.4319204
p_901546,34.07893,-118.11734,12,532.57696077
p_901546,34.078918,-118.117516,13,548.87607327
p_901546,34.078903,-118.11779,14,574.22074815
p_901546,34.078873,-118.118225,15,614.50860921
p_901546,34.078819,-118.119308,16,714.64810063
p_901546,34.078808,-118.119591,17,740.79730715
p_901546,34.078754,-118.119743,18,756.05200808
p_901546,34.078732,-118.120155,19,794.1576037
p_901546,34.07869,-118.120834,20,857.00187822
p_901546,34.078659,-118.12146,21,914.8836142
p_901546,34.078651,-118.121613,22,929.03329873
p_901546,34.078636,-118.12191,23,956.49671677
p_901546,34.078682,-118.122025,24,968.2738962
p_901546,34.078632,-118.122917,25,1050.79168833
p_901546,34.078629,-118.123016,26,1059.93540367
p_901546,34.078621,-118.123116,27,1069.20792163
p_901546,34.078598,-118.123512,28,1105.84749336
p_901546,34.078571,-118.124023,29,1153.1075944
p_901546,34.078564,-118.124207,30,1170.10846958
p_901546,34.078495,-118.124298,31,1181.47189927
p_901546,34.07848,-118.124596,32,1209.02749823
p_901546,34.078445,-118.125191,33,1264.08290962
p_901546,34.078426,-118.125534,34,1295.81180972
p_901546,34.078396,-118.126083,35,1346.59355681
p_901546,34.078373,-118.126427,36,1378.44703577
p_901546,34.07835,-118.126801,37,1413.06133406
p_901546,34.078339,-118.12706,38,1436.99812317
p_901546,34.078331,-118.127174,39,1447.55766413
p_901546,34.07832,-118.127357,40,1464.49256061
p_901546,34.078316,-118.127487,41,1476.49975012
p_901546,34.078285,-118.128044,42,1528.0256817
p_901546,34.078232,-118.128906,43,1607.80516926
p_901546,34.078209,-118.129311,44,1645.27363627
p_901546,34.078194,-118.129539,45,1666.38371879
p_901546,34.078182,-118.129776,46,1688.29929236
p_901546,34.078312,-118.129784,47,1702.73827937
p_901546,34.078182,-118.129776,48,1717.17726638
p_901546,34.07814,-118.130524,49,1786.37473749
p_901546,34.078102,-118.131165,50,1845.68907998
p_901546,34.078091,-118.131371,51,1864.74202196
p_901546,34.078068,-118.131744,52,1899.26438588
p_901546,34.078041,-118.132217,53,1943.02498675
p_901546,34.078026,-118.132462,54,1965.69967031
p_901546,34.077988,-118.133148,55,2029.15778865
p_901546,34.078033,-118.133255,56,2040.2236666
p_901546,34.078003,-118.133842,57,2094.50600423
p_901546,34.077988,-118.134102,58,2118.56168387
p_901546,34.077976,-118.134369,59,2143.2417796
p_901546,34.077969,-118.134499,60,2155.26591383
p_901546,34.077957,-118.134674,61,2171.47321894
p_901546,34.077946,-118.134842,62,2187.02760294
p_901546,34.07793,-118.135147,63,2215.23509148
p_901546,34.077896,-118.135696,64,2266.04813842
p_901546,34.077881,-118.135994,65,2293.60393066
p_901546,34.077858,-118.136345,66,2326.10166952
p_901546,34.077827,-118.136818,67,2369.89498218
p_901546,34.077827,-118.136871,68,2374.78690588
p_901546,34.077808,-118.137154,69,2400.9928204
p_901546,34.077808,-118.137192,70,2404.50023818
p_901546,34.077778,-118.13768,71,2449.66563152
p_901546,34.077747,-118.138184,72,2496.31200807
p_901546,34.077736,-118.138412,73,2517.39187398
p_901546,34.077694,-118.13913,74,2583.82723342
p_901546,34.077656,-118.139793,75,2645.16753462
p_901546,34.077641,-118.14003,76,2667.10597266
p_901546,34.077587,-118.140945,77,2751.77323969
p_901546,34.077568,-118.141289,78,2783.59455577
p_901546,34.07753,-118.141899,79,2840.05557187
p_901546,34.077518,-118.142097,80,2858.37953565
p_901546,34.07748,-118.142799,81,2923.31165664
p_901546,34.077465,-118.143143,82,2955.10670797
p_901546,34.077415,-118.143944,83,3029.24743822
p_901546,34.077389,-118.144402,84,3071.61951719
p_901546,34.077351,-118.14505,85,3131.57887122
p_901546,34.077328,-118.145462,86,3169.69235709
p_901546,34.077309,-118.145752,87,3196.54248874
p_901546,34.077286,-118.146149,88,3233.27470022
p_901546,34.077263,-118.14653,89,3268.53382045
p_901546,34.077225,-118.147209,90,3331.34783927
p_901546,34.077213,-118.147377,91,3346.91145052
p_901546,34.077202,-118.147598,92,3367.34645793
p_901546,34.077164,-118.148323,93,3434.39740928
p_901546,34.077141,-118.148689,94,3468.27583933
p_901546,34.077114,-118.14904,95,3500.81169881
p_901546,34.077091,-118.149368,96,3531.19380942
p_901546,34.07708,-118.14975,97,3566.47399339
p_901546,34.077042,-118.150429,98,3629.28814669
p_901546,34.077019,-118.150803,99,3663.90298346
p_901546,34.076984,-118.151413,100,3720.34049348
p_901546,34.076984,-118.151451,101,3723.84794522
p_901546,34.076962,-118.151871,102,3762.6912543
p_901546,34.077457,-118.151871,103,3817.59852607
p_901546,34.077545,-118.151878,104,3827.38117897
p_901546,34.077667,-118.151825,105,3841.77093472
p_901546,34.078732,-118.15184,106,3959.91289365
p_901546,34.078785,-118.151886,107,3967.16470657
p_901546,34.078918,-118.151886,108,3981.91757344
p_901546,34.079037,-118.151894,109,3995.13814366
p_901546,34.079178,-118.151901,110,4010.79174092
p_901546,34.079334,-118.151909,111,4028.11160352
p_901546,34.079563,-118.151871,112,4053.75415627
p_901546,34.080086,-118.151863,113,4111.77201751
p_901546,34.080154,-118.151863,114,4119.31483822
p_901546,34.08036,-118.151855,115,4142.17707542
p_901546,34.083595,-118.151855,116,4501.01578699
p_901546,34.084064,-118.151863,117,4553.04433592
p_901546,34.084324,-118.151863,118,4581.88455191
p_901546,34.085308,-118.151878,119,4691.04246723
p_901546,34.085785,-118.151886,120,4743.95833411
p_901546,34.086102,-118.151886,121,4779.12122286
p_901546,34.08654,-118.151955,122,4828.12147368
p_901546,34.086987,-118.151962,123,4877.70868971
p_901546,34.087524,-118.151962,124,4937.27485785
p_901546,34.087807,-118.15197,125,4968.67502279
p_901546,34.08783,-118.151794,126,4985.11713295
p_901546,34.087833,-118.151642,127,4999.14909756
p_901546,34.087833,-118.151192,128,5040.67941376
p_901546,34.087837,-118.15094,129,5063.9406223
p_901546,34.087837,-118.150658,130,5089.96628589
p_901546,34.087841,-118.15036,131,5117.47216108
p_901546,34.087841,-118.150208,132,5131.50017768
p_901546,34.087849,-118.149567,133,5190.66445279
p_901546,34.087849,-118.14933,134,5212.53708187
p_901546,34.087852,-118.148865,135,5255.4530233
p_901546,34.087856,-118.148788,136,5262.57315814
p_901546,34.087856,-118.148758,137,5265.34184514
p_901546,34.08786,-118.148193,138,5317.48733673
p_901546,34.087864,-118.147781,139,5355.51322415
p_901546,34.087864,-118.147583,140,5373.78655662
p_901546,34.087868,-118.147194,141,5409.68993552
p_901546,34.087872,-118.146751,142,5450.57661432
p_901546,34.087852,-118.146553,143,5468.9841222
p_901546,34.088055,-118.146492,144,5492.19476341
p_901546,34.088093,-118.146492,145,5496.40987457
p_901546,34.088158,-118.1465,146,5503.65763651
p_901546,34.088547,-118.146507,147,5546.81190162
p_901546,34.088856,-118.146507,148,5581.08741427
p_901546,34.088924,-118.146568,149,5590.4994623
p_901546,34.08923,-118.146576,150,5624.45023375
p_901546,34.089432,-118.146584,151,5646.86904219
p_901546,34.089588,-118.146591,152,5664.18524139
p_901546,34.089596,-118.146591,153,5665.07263343
p_901546,34.089676,-118.146584,154,5673.97003744
p_901546,34.089706,-118.146576,155,5677.37867494
p_901546,34.089748,-118.146568,156,5682.09562123
p_901546,34.089817,-118.146553,157,5689.87355863
p_901546,34.089893,-118.146523,158,5698.74677433
p_901546,34.089958,-118.146492,159,5706.50369153
p_901546,34.090034,-118.146454,160,5715.63425272
p_901546,34.090096,-118.146416,161,5723.35406728
p_901546,34.090275,-118.146301,162,5745.86790379
p_901546,34.090363,-118.14624,163,5757.13620091
p_901546,34.090626,-118.146072,164,5790.17321243
p_901546,34.090691,-118.14595,165,5803.54292003
p_901546,34.090778,-118.145889,166,5814.71525187
p_901546,34.090862,-118.145836,167,5825.23863627
p_901546,34.090885,-118.145821,168,5828.14124907
p_901546,34.09095,-118.145767,169,5836.90594178
p_901546,34.091019,-118.145714,170,5845.98908709
p_901546,34.09108,-118.14566,171,5854.39256712
p_901546,34.091141,-118.145599,172,5863.19452118
p_901546,34.091194,-118.145538,173,5871.33411434
p_901546,34.091251,-118.14547,174,5880.24238744
p_901546,34.091316,-118.145386,175,5890.82910913
p_901546,34.091385,-118.145294,176,5902.25999125
p_901546,34.091427,-118.145271,177,5907.37954361
p_901546,34.091473,-118.145248,178,5912.90592309
p_901546,34.091518,-118.145241,179,5917.93913318
p_901546,34.091518,-118.145027,180,5937.68825006999
p_901546,34.091515,-118.14489,181,5950.33575512
p_901546,34.091515,-118.144859,182,5953.19660859999
p_901546,34.091511,-118.144691,183,5968.70693672999
p_901546,34.091511,-118.144478,184,5988.36376963999
p_901546,34.091507,-118.144333,185,6001.75253596999
p_901546,34.091507,-118.144089,186,6024.27022355999
p_901546,34.091511,-118.143364,187,6091.17875669999
p_901546,34.091515,-118.143265,188,6100.32579847999
p_901546,34.091515,-118.143158,189,6110.20035727
p_901546,34.091518,-118.142715,190,6151.08422998
p_901546,34.091518,-118.142395,191,6180.61561972
p_901546,34.091518,-118.14193,192,6223.52842043999
p_901546,34.091522,-118.141655,193,6248.91083621
p_901546,34.091526,-118.14109,194,6301.05408033
p_901546,34.09153,-118.140778,195,6329.85060038
p_901546,34.09153,-118.140419,196,6362.98112357
p_901546,34.091537,-118.140175,197,6385.51218749
p_901546,34.091534,-118.139999,198,6401.75785707
p_901546,34.091537,-118.139671,199,6432.02935445
p_901546,34.091537,-118.139214,200,6474.203861
p_901546,34.091541,-118.138992,201,6494.69606158
p_901546,34.091541,-118.138954,202,6498.20291316
p_901546,34.091545,-118.138565,203,6534.1047401
p_901546,34.091545,-118.138313,204,6557.36070214
p_901546,34.091549,-118.1371,205,6669.30396753
p_901546,34.091553,-118.136253,206,6747.4710937
p_901546,34.091557,-118.135864,207,6783.37291557
p_901546,34.091557,-118.135406,208,6825.63969776
p_901546,34.09156,-118.135201,209,6844.56116177
p_901546,34.09156,-118.134773,210,6884.05937604
p_901546,34.091595,-118.134613,211,6899.32692381
p_901546,34.091625,-118.134407,212,6918.62678613
p_901546,34.091732,-118.134163,213,6944.0809478
p_901546,34.091785,-118.134048,214,6956.21330713
p_901546,34.091869,-118.133858,215,6976.06944402
p_901546,34.091995,-118.133575,216,7005.69076046
p_901546,34.092144,-118.13324,217,7040.74686978
p_901546,34.092339,-118.132828,218,7084.49029779
p_901546,34.092442,-118.132607,219,7107.86735727
p_901546,34.092636,-118.132179,220,7152.84681791
p_901546,34.092747,-118.13195,221,7177.30510286
p_901546,34.092815,-118.131805,222,7192.66580663
p_901546,34.092953,-118.131531,223,7222.22412561
p_901546,34.093143,-118.131142,224,7263.85198251
p_901546,34.093334,-118.130722,225,7308.02369905
p_901546,34.093433,-118.130508,226,7330.62023601
p_901546,34.093643,-118.130051,227,7378.79925997
p_901546,34.09383,-118.129662,228,7420.25938185
p_901546,34.09396,-118.129395,229,7448.8084329
p_901546,34.094177,-118.128944,230,7496.88730086
p_901546,34.094288,-118.128708,231,7521.90552334
p_901546,34.094357,-118.128563,232,7537.32078936
p_901546,34.094475,-118.128304,233,7564.57126108
p_901546,34.094658,-118.127907,234,7606.45509151
p_901546,34.094822,-118.127563,235,7643.04307052
p_901546,34.094955,-118.127289,236,7672.31749792
p_901546,34.095173,-118.126839,237,7720.37180719
p_901546,34.095287,-118.126587,238,7746.84250289
p_901546,34.095341,-118.126472,239,7759.02861424
p_901546,34.095402,-118.126343,240,7772.72153866
p_901546,34.095638,-118.125816,241,7827.95183037
p_901546,34.095684,-118.125717,242,7838.41600569
p_901546,34.095787,-118.125488,243,7862.43914368
p_901546,34.096069,-118.124893,244,7925.63141782
p_901546,34.096107,-118.124817,245,7933.813959
p_901546,34.09621,-118.124596,246,7957.1902335
p_901546,34.096432,-118.124107,247,8008.59717389
p_901546,34.096512,-118.123932,248,8027.02373261
p_901546,34.096642,-118.12365,249,8056.77497309
p_901546,34.096432,-118.123505,250,8083.63860285
p_901546,34.096375,-118.123466,251,8090.91380251
p_901546,34.096123,-118.123299,252,8122.83334773
p_901546,34.0961,-118.123283,253,8125.78104567
p_901546,34.095863,-118.123116,254,8156.25411206
p_901546,34.095787,-118.123062,255,8166.04700782
p_901546,34.09549,-118.122856,256,8204.08270547
p_901546,34.095333,-118.122749,257,8224.10227524
p_901546,34.095093,-118.122581,258,8254.9092869
p_901546,34.094883,-118.122429,259,8282.10056276
p_901546,34.094788,-118.122368,260,8294.04765102
p_901546,34.094578,-118.122223,261,8320.91141999
p_901546,34.09436,-118.12207,262,8348.91310941
p_901546,34.094257,-118.121994,263,8362.31921246
p_901546,34.093651,-118.121574,264,8439.91286755
p_901546,34.09359,-118.121529,265,8447.85195255
p_901546,34.093426,-118.121414,266,8468.91280736
p_901546,34.092899,-118.12104,267,8536.79833772
p_901546,34.092659,-118.120872,268,8567.60556357
p_901546,34.092209,-118.120552,269,8625.60275167999
p_901546,34.09137,-118.119965,270,8733.28605286999
p_901546,34.091305,-118.119919,271,8741.65302764
p_901546,34.091228,-118.119873,272,8751.19098093
p_901546,34.091152,-118.119827,273,8760.62973349
p_901546,34.091087,-118.119804,274,8768.14573881
p_901546,34.090992,-118.119781,275,8778.89516757
p_901546,34.0909,-118.119774,276,8789.12060470999
p_901546,34.090607,-118.119774,277,8821.62134441
p_901546,34.090431,-118.119766,278,8841.15792744
p_901546,34.090431,-118.119125,279,8900.31374860999
p_901546,34.090435,-118.118294,280,8977.00533825
p_901546,34.090435,-118.118248,281,8981.25052957999
p_901546,34.090439,-118.117401,282,9059.41867962999
p_901546,34.090443,-118.116997,283,9096.70517133999
p_901546,34.090343,-118.116989,284,9107.82211607999
p_901546,34.089939,-118.116974,285,9152.6567941
p_901546,34.087486,-118.116974,286,9424.75334001
p_901546,34.087093,-118.116982,287,9468.35270961
p_901546,34.085873,-118.116982,288,9603.67992744
p_901546,34.08577,-118.116982,289,9615.10509296
p_901546,34.084282,-118.116943,290,9780.19913215
p_901546,34.084023,-118.116951,291,9808.93791033
p_901546,34.082832,-118.116936,292,9941.05552144
p_901546,34.080757,-118.116936,293,10171.22253977
p_901546,34.080807,-118.115952,294,10262.21221428
p_901546,34.080849,-118.115021,295,10348.2671003
p_901546,34.080887,-118.114304,296,10414.57825899
p_901546,34.080898,-118.114082,297,10435.10451774
p_901546,34.080944,-118.113159,298,10520.44740359
p_901546,34.080948,-118.11306,299,10529.59557905
p_901546,34.080959,-118.112808,300,10552.88641997
p_901546,34.080986,-118.112236,301,10605.76520573
p_901546,34.080986,-118.112221,302,10607.14966103
p_901546,34.081028,-118.111336,303,10688.96525387
p_901546,34.080387,-118.11132,304,10760.08277236
p_901546,34.079739,-118.111313,305,10831.96431974
p_901546,34.079182,-118.111305,306,10893.75330072
p_901546,34.079163,-118.111595,307,10920.60285097
