shape_id,shape_pt_lat,shape_pt_lon,shape_pt_sequence,shape_dist_traveled
p_1384074,33.962979,-118.350906,1,0
p_1384074,33.962977,-118.351163,2,23.75422133
p_1384074,33.962971,-118.351995,3,100.65457667
p_1384074,33.962644,-118.351997,4,136.9264483
p_1384074,33.962578,-118.352033,5,144.96793933
p_1384074,33.962475,-118.352024,6,156.42311728
p_1384074,33.962179,-118.351991,7,189.39730648
p_1384074,33.962122,-118.351956,8,196.49935257
p_1384074,33.961775,-118.351956,9,234.98918208
p_1384074,33.961783,-118.351314,10,294.33340047
p_1384074,33.961782,-118.351145,11,309.95381177
p_1384074,33.961782,-118.351097,12,314.39026646
p_1384074,33.961788,-118.350364,13,382.14189311
p_1384074,33.961245,-118.350362,14,442.37265503
p_1384074,33.961066,-118.350361,15,462.22785169
p_1384074,33.960492,-118.350358,16,525.89749851
p_1384074,33.96039,-118.350245,17,541.29524525
p_1384074,33.960247,-118.350086,18,562.91859616
p_1384074,33.960229,-118.350066,19,565.63953932
p_1384074,33.959917,-118.349694,20,614.42363918
p_1384074,33.959466,-118.349157,21,684.89424617
p_1384074,33.959117,-118.349554,22,738.23335057
p_1384074,33.95898,-118.349709,23,759.11816253
p_1384074,33.958849,-118.349858,24,779.13837895
p_1384074,33.958714,-118.350019,25,800.24954564
p_1384074,33.958307,-118.350474,26,861.94837838
p_1384074,33.957982,-118.350856,27,912.40869742
p_1384074,33.957722,-118.351162,28,952.80289829
p_1384074,33.957615,-118.351288,29,969.431164
p_1384074,33.957614,-118.35129,30,969.64674996
p_1384074,33.957357,-118.351592,31,1009.54459028
p_1384074,33.957242,-118.351726,32,1027.32441116
p_1384074,33.957159,-118.351824,33,1040.23995886
p_1384074,33.957121,-118.351927,34,1050.65171182
p_1384074,33.957117,-118.351991,35,1056.58392301
p_1384074,33.95715,-118.352057,36,1063.69828877
p_1384074,33.957267,-118.352038,37,1076.79440441
p_1384074,33.958014,-118.351969,38,1159.89794294
p_1384074,33.958001,-118.352022,39,1165.00456296
p_1384074,33.958,-118.352169,40,1178.59225936
p_1384074,33.957137,-118.352273,41,1274.79906745
p_1384074,33.95694,-118.352278,42,1296.65551138
p_1384074,33.956845,-118.352293,43,1307.28388474
p_1384074,33.956795,-118.352301,44,1312.87904302
p_1384074,33.95667,-118.352303,45,1326.74547593
p_1384074,33.956506,-118.35232,46,1345.00435825
p_1384074,33.955669,-118.352415,47,1438.26007001
p_1384074,33.95544,-118.35244,48,1463.76600781
p_1384074,33.954948,-118.352498,49,1518.60212206
p_1384074,33.954664,-118.352534,50,1550.27911273
p_1384074,33.954073,-118.352614,51,1616.24950995
p_1384074,33.953546,-118.352679,52,1675.01313067
p_1384074,33.953123,-118.35273,53,1722.16917493
p_1384074,33.953092,-118.352734,54,1725.62756432
p_1384074,33.952723,-118.352779,55,1766.7684328
p_1384074,33.952725,-118.352584,56,1784.79480513
p_1384074,33.952722,-118.352115,57,1828.14853573
p_1384074,33.952721,-118.351941,58,1844.23277127
p_1384074,33.952721,-118.351903,59,1847.7453369
p_1384074,33.95272,-118.35174,60,1862.81280312
p_1384074,33.95272,-118.350916,61,1938.98001666
p_1384074,33.952721,-118.350041,62,2019.86153867
p_1384074,33.952721,-118.349173,63,2100.09593258
p_1384074,33.952046,-118.349171,64,2174.96819102
p_1384074,33.951892,-118.34917,65,2192.05035501
p_1384074,33.951821,-118.349171,66,2199.92632516
p_1384074,33.951671,-118.34917,67,2216.56480914
p_1384074,33.951215,-118.349169,68,2267.14510182
p_1384074,33.95104,-118.349169,69,2286.55636494
p_1384074,33.950906,-118.349168,70,2301.42013348
p_1384074,33.950702,-118.349168,71,2324.04811901
p_1384074,33.950488,-118.349167,72,2347.7854987
p_1384074,33.950206,-118.349167,73,2379.06535873
p_1384074,33.95006,-118.349166,74,2395.26015945
p_1384074,33.949934,-118.34917,75,2409.24115665
p_1384074,33.949814,-118.349166,76,2422.55686912
p_1384074,33.949082,-118.349164,77,2503.75159801
p_1384074,33.949083,-118.348739,78,2543.03870003
p_1384074,33.949083,-118.348737,79,2543.22357977
p_1384074,33.949083,-118.348498,80,2565.31670895
p_1384074,33.949085,-118.347439,81,2663.21078262
p_1384074,33.949085,-118.347138,82,2691.03518316
p_1384074,33.949086,-118.346608,83,2740.02843895
p_1384074,33.949087,-118.346417,84,2757.68480202
p_1384074,33.949088,-118.345699,85,2824.05671863
p_1384074,33.949714,-118.345697,86,2893.49380647
p_1384074,33.949888,-118.345696,87,2912.79436529
p_1384074,33.950175,-118.345695,88,2944.62896534
p_1384074,33.950745,-118.345693,89,3007.85448579
p_1384074,33.95076,-118.345693,90,3009.51830824
p_1384074,33.951065,-118.345692,91,3043.34949192
p_1384074,33.951135,-118.345692,92,3051.11399713
p_1384074,33.951405,-118.345691,93,3081.06294644
p_1384074,33.951718,-118.34569,94,3115.78150256
p_1384074,33.951889,-118.345689,95,3134.74930699
p_1384074,33.9521,-118.345689,96,3158.15374754
p_1384074,33.952722,-118.345686,97,3227.14749446
p_1384074,33.952722,-118.34538,98,3255.43289106
p_1384074,33.952723,-118.344624,99,3325.31454676
p_1384074,33.952723,-118.343935,100,3389.00290633
p_1384074,33.952386,-118.343934,101,3426.383576
p_1384074,33.951618,-118.343933,102,3511.571353
p_1384074,33.951486,-118.343932,103,3526.21328427
p_1384074,33.951451,-118.343932,104,3530.09553711
p_1384074,33.951052,-118.343931,105,3574.35331445
p_1384074,33.950877,-118.343931,106,3593.76457706
p_1384074,33.950353,-118.343929,107,3651.8877341
p_1384074,33.950318,-118.34393,108,3655.77108657
p_1384074,33.950053,-118.343929,109,3685.16542585
p_1384074,33.949648,-118.343928,110,3730.08872056
p_1384074,33.94948,-118.343928,111,3748.72352842
p_1384074,33.949109,-118.343926,112,3789.87580925
p_1384074,33.948605,-118.343927,113,3845.78030281
p_1384074,33.948553,-118.343927,114,3851.5482186
p_1384074,33.948547,-118.343927,115,3852.21374734
p_1384074,33.948497,-118.343927,116,3857.75982017
p_1384074,33.947886,-118.343928,117,3925.5328895
p_1384074,33.946681,-118.343928,118,4059.19321767
p_1384074,33.946076,-118.343926,119,4126.30093014
p_1384074,33.945942,-118.343925,120,4141.16468671
p_1384074,33.945609,-118.343924,121,4178.10163091
p_1384074,33.94549,-118.343927,122,4191.30419096
p_1384074,33.945366,-118.343926,123,4205.0587553
p_1384074,33.945368,-118.343762,124,4220.22117598
p_1384074,33.945363,-118.343555,125,4239.36509649
p_1384074,33.945362,-118.343457,126,4248.42527704
p_1384074,33.945361,-118.343226,127,4269.78010471
p_1384074,33.94538,-118.341911,128,4391.36208013
p_1384074,33.945388,-118.341618,129,4418.46266581
p_1384074,33.945385,-118.34138,130,4440.46682253
p_1384074,33.945386,-118.341042,131,4471.71304692
p_1384074,33.945387,-118.340821,132,4492.14344271
p_1384074,33.945394,-118.339986,133,4569.3379733
p_1384074,33.945394,-118.339928,134,4574.69971713
p_1384074,33.945388,-118.33977,135,4589.32100194
p_1384074,33.945381,-118.339631,136,4602.19413712
p_1384074,33.945383,-118.33925,137,4637.41595105
p_1384074,33.945381,-118.338965,138,4663.76338858
p_1384074,33.945385,-118.33865,139,4692.88658789
p_1384074,33.945382,-118.337776,140,4773.683216
p_1384074,33.945397,-118.336527,141,4889.15758947
p_1384074,33.945401,-118.336252,142,4914.58352074
p_1384074,33.945412,-118.335309,143,5001.76660559
p_1384074,33.945413,-118.335167,144,5014.89409938
p_1384074,33.945415,-118.335012,145,5029.22461142
p_1384074,33.945413,-118.334735,146,5054.83251537
p_1384074,33.945417,-118.334499,147,5076.65377191
p_1384074,33.94542,-118.334123,148,5111.41424583
p_1384074,33.94542,-118.3341,149,5113.54045394
p_1384074,33.945423,-118.333634,150,5156.62056368
p_1384074,33.945426,-118.33317,151,5199.51578979
p_1384074,33.945427,-118.332988,152,5216.3409314
p_1384074,33.945428,-118.332862,153,5227.98938123
p_1384074,33.945428,-118.332563,154,5255.63008414
p_1384074,33.94543,-118.330815,155,5417.22203615
p_1384074,33.945431,-118.329958,156,5496.44646731
p_1384074,33.94547,-118.329896,157,5503.62727369
p_1384074,33.94547,-118.329383,158,5551.0509313
p_1384074,33.94547,-118.329091,159,5578.0445142
p_1384074,33.945463,-118.328721,160,5612.25752484
p_1384074,33.94542,-118.328572,161,5626.83407663
p_1384074,33.945414,-118.32798,162,5681.56487313
p_1384074,33.945475,-118.327515,163,5725.08049639
p_1384074,33.945472,-118.327267,164,5748.00896701
p_1384074,33.945471,-118.327228,165,5751.61598016
p_1384074,33.945471,-118.3272,166,5754.20440589
p_1384074,33.945472,-118.327029,167,5770.01268064
p_1384074,33.945472,-118.326565,168,5812.90659218
p_1384074,33.945474,-118.326431,169,5825.29604416
p_1384074,33.945652,-118.326438,170,5845.05065544
p_1384074,33.945694,-118.326438,171,5849.70935445
p_1384074,33.945821,-118.326441,172,5863.79910272
p_1384074,33.945909,-118.326444,173,5873.5641256
p_1384074,33.945989,-118.326446,174,5882.43976428
p_1384074,33.946147,-118.326446,175,5899.96534741
p_1384074,33.946364,-118.326454,176,5924.04665307
p_1384074,33.946446,-118.32651,177,5934.51223237
p_1384074,33.946679,-118.326498,178,5960.38071958
p_1384074,33.948744,-118.326506,179,6189.43469092
p_1384074,33.948995,-118.326507,180,6217.27613154
p_1384074,33.949129,-118.326507,181,6232.13960802
p_1384074,33.949411,-118.326508,182,6263.41959916
p_1384074,33.953089,-118.326508,183,6671.38889734
p_1384074,33.954121,-118.326509,184,6785.85997247
p_1384074,33.955232,-118.326498,185,6909.09802858
p_1384074,33.955317,-118.326499,186,6918.52681583
p_1384074,33.955647,-118.326502,187,6955.13198828
p_1384074,33.956156,-118.326507,188,7011.592969
p_1384074,33.956305,-118.326508,189,7028.12054522
p_1384074,33.95625,-118.32661,190,7039.35028073
p_1384074,33.956248,-118.326646,191,7042.68522393
p_1384074,33.956216,-118.328371,192,7202.17017118
p_1384074,33.956215,-118.329484,193,7305.04722407
p_1384074,33.956215,-118.330695,194,7416.98256941
p_1384074,33.956206,-118.332311,195,7566.35628321
p_1384074,33.956206,-118.332468,196,7580.8681338
p_1384074,33.956207,-118.334718,197,7788.84054327
p_1384074,33.956207,-118.335336,198,7845.96362328
p_1384074,33.956209,-118.335409,199,7852.71481734
p_1384074,33.956211,-118.335487,200,7859.92793847
p_1384074,33.956216,-118.335666,201,7876.48258809
p_1384074,33.956225,-118.335777,202,7886.79100973
p_1384074,33.956256,-118.336149,203,7921.34726833
p_1384074,33.956426,-118.33747,204,8044.89743677
p_1384074,33.956429,-118.337495,205,8047.23207185
p_1384074,33.956436,-118.337579,206,8055.03508064
p_1384074,33.95645,-118.337762,207,8072.02125406
p_1384074,33.956452,-118.337791,208,8074.71094362
p_1384074,33.956465,-118.338193,209,8111.89653499
p_1384074,33.956461,-118.338878,210,8175.2139352
p_1384074,33.956454,-118.33989,211,8268.75823786
p_1384074,33.956454,-118.339968,212,8275.96792615
p_1384074,33.956453,-118.340079,213,8286.22846682
p_1384074,33.956452,-118.340301,214,8306.74864904
p_1384074,33.956469,-118.340612,215,8335.55674863
p_1384074,33.956518,-118.341015,216,8373.20122167
p_1384074,33.956589,-118.341424,217,8411.81741657
p_1384074,33.956624,-118.341621,218,8430.43572715
p_1384074,33.956661,-118.341835,219,8450.63739026
p_1384074,33.95671,-118.342157,220,8480.89258183
p_1384074,33.956716,-118.342225,221,8487.21306894
p_1384074,33.956754,-118.342624,222,8524.33336117
p_1384074,33.956768,-118.343161,223,8573.99339993
p_1384074,33.956777,-118.343751,224,8628.53715492
p_1384074,33.956778,-118.343946,225,8646.56164875
p_1384074,33.957457,-118.343951,226,8721.87884101
p_1384074,33.958609,-118.343952,227,8849.66059012
p_1384074,33.958606,-118.344198,228,8872.40069982
p_1384074,33.958603,-118.344466,229,8897.17406112
p_1384074,33.958601,-118.344695,230,8918.34159711
p_1384074,33.958593,-118.34547,231,8989.98002065
p_1384074,33.958585,-118.346239,232,9061.06391622
p_1384074,33.958581,-118.346536,233,9088.51909242
p_1384074,33.958577,-118.347014,234,9132.70267057
p_1384074,33.958571,-118.348011,235,9224.85739365
p_1384074,33.959012,-118.348575,236,9296.344265
p_1384074,33.959466,-118.349157,237,9370.03092768
p_1384074,33.959917,-118.349694,238,9440.50153467
p_1384074,33.960229,-118.350066,239,9489.28563453
p_1384074,33.96039,-118.350245,240,9513.62992846
p_1384074,33.960492,-118.350358,241,9529.0276752
p_1384074,33.960487,-118.351147,242,9601.95511096
p_1384074,33.960486,-118.351195,243,9606.39301932
p_1384074,33.960485,-118.351403,244,9625.61826795
p_1384074,33.960493,-118.35196,245,9677.10805352
p_1384074,33.960787,-118.351963,246,9709.72020485
p_1384074,33.960865,-118.351926,247,9719.02344545
p_1384074,33.961008,-118.351931,248,9734.89197653
p_1384074,33.961234,-118.351904,249,9760.08418443
p_1384074,33.961398,-118.351917,250,9778.31497973
p_1384074,33.961472,-118.351951,251,9787.10417454
p_1384074,33.961775,-118.351956,252,9820.71662455
p_1384074,33.962122,-118.351956,253,9859.20645406
p_1384074,33.962182,-118.35192,254,9866.64716297
p_1384074,33.962366,-118.351937,255,9887.11714818
p_1384074,33.962458,-118.351946,256,9897.35579178
p_1384074,33.962579,-118.351957,257,9910.81577015
p_1384074,33.962644,-118.351997,258,9918.91828212
p_1384074,33.962971,-118.351995,259,9955.19015375
p_1384074,33.96297,-118.352423,260,9994.74814678
p_1384074,33.96297,-118.352492,261,10001.12546174
p_1384074,33.962969,-118.352663,262,10016.9305012
p_1384074,33.962961,-118.353308,263,10076.55113992
p_1384074,33.963012,-118.353307,264,10082.20890249
p_1384074,33.963106,-118.353305,265,10092.6371825
p_1384074,33.963231,-118.353306,266,10106.50270566
p_1384074,33.963826,-118.35331,267,10172.5021689
p_1384074,33.963977,-118.353386,268,10190.66462062
p_1384074,33.96444,-118.35338,269,10242.02437992
p_1384074,33.964435,-118.353809,270,10281.6778403
p_1384074,33.964433,-118.354041,271,10303.12118679
p_1384074,33.964423,-118.354943,272,10386.49436221
p_1384074,33.964421,-118.35517,273,10407.47562056
p_1384074,33.964411,-118.355984,274,10482.71635575
p_1384074,33.964403,-118.356668,275,10545.94012085
p_1384074,33.964397,-118.357158,276,10591.23243169
p_1384074,33.964396,-118.357203,277,10595.39295959
p_1384074,33.964394,-118.357377,278,10611.47614618
p_1384074,33.965058,-118.35738,279,10685.12870943
p_1384074,33.965279,-118.357381,280,10709.64259195
p_1384074,33.96521,-118.35664,281,10778.55392675
p_1384074,33.965111,-118.355586,282,10876.58422246
p_1384074,33.965112,-118.355235,283,10909.02472307
p_1384074,33.965138,-118.354878,284,10942.14536301
p_1384074,33.965177,-118.354553,285,10972.49258283
p_1384074,33.965248,-118.354186,286,11007.3138885
p_1384074,33.965228,-118.354149,287,11011.39007742
p_1384074,33.965307,-118.353754,288,11048.93386615
p_1384074,33.965337,-118.353603,289,11063.28087836
p_1384074,33.965394,-118.353378,290,11085.01580254
p_1384074,33.965504,-118.353381,291,11097.22034629
p_1384074,33.965609,-118.353383,292,11108.86859823
p_1384074,33.965709,-118.353386,293,11119.96423962
p_1384074,33.965833,-118.353393,294,11133.7337456
p_1384074,33.965886,-118.353396,295,11139.6191341
p_1384074,33.96599,-118.353402,296,11151.16831873
p_1384074,33.966064,-118.35341,297,11159.4097629
p_1384074,33.966136,-118.353417,298,11167.42229146
p_1384074,33.966287,-118.353455,299,11184.53572264
p_1384074,33.966362,-118.353483,300,11193.24805064
p_1384074,33.966435,-118.353512,301,11201.77739097
p_1384074,33.966581,-118.353582,302,11219.21638436
p_1384074,33.966586,-118.353585,303,11219.83643736
p_1384074,33.966727,-118.353652,304,11236.65761528
p_1384074,33.967051,-118.353993,305,11284.4572969
p_1384074,33.967495,-118.354459,306,11349.88151134
p_1384074,33.967672,-118.354645,307,11375.976727
p_1384074,33.967749,-118.354726,308,11387.33403672
p_1384074,33.967998,-118.354928,309,11420.67111245
p_1384074,33.968243,-118.355127,310,11453.48530821
p_1384074,33.968474,-118.355315,311,11484.44363319
p_1384074,33.968597,-118.355415,312,11500.92253868
p_1384074,33.968628,-118.35544,313,11505.065252
p_1384074,33.968872,-118.355638,314,11537.73571679
p_1384074,33.969023,-118.355753,315,11557.57235907
p_1384074,33.969129,-118.355833,316,11571.4614585
p_1384074,33.969397,-118.356036,317,11606.61352175
p_1384074,33.96973,-118.356289,318,11650.32899962
p_1384074,33.970022,-118.35651,319,11688.62010179
p_1384074,33.970496,-118.356861,320,11750.39860392
p_1384074,33.970756,-118.357054,321,11784.30825448
p_1384074,33.971079,-118.357294,322,11826.44584473
p_1384074,33.971314,-118.357468,323,11857.07341641
p_1384074,33.971513,-118.3575,324,11879.34409059
p_1384074,33.971574,-118.357505,325,11886.12608449
p_1384074,33.971678,-118.357513,326,11897.68562637
p_1384074,33.971865,-118.357527,327,11918.46832915
p_1384074,33.971984,-118.357537,328,11931.70034455
p_1384074,33.97233,-118.357555,329,11970.11534926
p_1384074,33.972361,-118.357557,330,11973.55889161
p_1384074,33.972845,-118.357582,331,12027.29477663
p_1384074,33.973057,-118.357593,332,12050.83218109
p_1384074,33.973146,-118.357598,333,12060.71503807
p_1384074,33.973191,-118.3576,334,12065.70994441
p_1384074,33.973321,-118.357607,335,12080.14429488
p_1384074,33.973417,-118.357612,336,12090.80281826
p_1384074,33.974049,-118.357646,337,12160.9758455
p_1384074,33.974152,-118.357651,338,12172.41014298
p_1384074,33.974566,-118.357673,339,12218.3768019
p_1384074,33.974562,-118.358038,340,12252.11021427
p_1384074,33.974561,-118.358093,341,12257.19410186
p_1384074,33.974556,-118.358576,342,12301.83269759
p_1384074,33.974554,-118.358769,343,12319.66965557
p_1384074,33.974546,-118.359445,344,12382.14669177
p_1384074,33.973821,-118.359405,345,12462.64999558
p_1384074,33.973791,-118.359403,346,12465.98278187
p_1384074,33.973748,-118.359401,347,12470.75600382
p_1384074,33.97352,-118.359389,348,12496.0705012
p_1384074,33.973491,-118.359387,349,12499.29254203
p_1384074,33.97326,-118.359374,350,12524.94365098
p_1384074,33.97298,-118.359359,351,12556.03270285
p_1384074,33.972404,-118.359326,352,12619.99645587
p_1384074,33.971351,-118.359285,353,12736.85863549
p_1384074,33.971316,-118.359277,354,12740.81067144
p_1384074,33.971264,-118.359264,355,12746.70240083
p_1384074,33.97121,-118.360222,356,12835.43923248
p_1384074,33.971161,-118.361103,357,12917.03891402
p_1384074,33.97034,-118.361049,358,13008.24239679
p_1384074,33.970251,-118.361064,359,13018.21129667
p_1384074,33.970177,-118.361089,360,13026.73848192
p_1384074,33.970074,-118.361143,361,13039.20583203
p_1384074,33.969554,-118.360114,362,13150.42837376
p_1384074,33.969141,-118.359296,363,13238.82329731
p_1384074,33.969114,-118.359243,364,13244.56449718
p_1384074,33.968888,-118.358798,365,13292.72861381
p_1384074,33.969236,-118.358797,366,13331.32952035
p_1384074,33.969851,-118.3588,367,13399.5470129
p_1384074,33.970107,-118.358794,368,13427.94841846
p_1384074,33.970181,-118.35875,369,13437.10866086
p_1384074,33.970246,-118.358691,370,13446.14823167
p_1384074,33.970537,-118.358358,371,13490.74615219
p_1384074,33.970797,-118.358061,372,13530.55951719
p_1384074,33.970959,-118.357876,373,13555.36284706
p_1384074,33.971279,-118.357508,374,13604.52089684
p_1384074,33.971314,-118.357468,375,13609.88159519
p_1384074,33.971513,-118.3575,376,13632.15226937
p_1384074,33.971678,-118.357513,377,13650.49376773
p_1384074,33.971865,-118.357527,378,13671.27647051
p_1384074,33.971984,-118.357537,379,13684.50848591
p_1384074,33.97233,-118.357555,380,13722.92349062
p_1384074,33.972361,-118.357557,381,13726.36703297
p_1384074,33.972845,-118.357582,382,13780.10291799
p_1384074,33.973057,-118.357593,383,13803.64032245
p_1384074,33.973146,-118.357598,384,13813.52317943
p_1384074,33.973191,-118.3576,385,13818.51808577
p_1384074,33.973321,-118.357607,386,13832.95243624
p_1384074,33.973417,-118.357612,387,13843.61095962
p_1384074,33.974049,-118.357646,388,13913.78398686
p_1384074,33.974152,-118.357651,389,13925.21828434
p_1384074,33.974566,-118.357673,390,13971.18494326
p_1384074,33.974901,-118.357663,391,14008.35527914
p_1384074,33.975077,-118.357658,392,14027.8830069
p_1384074,33.97548,-118.357646,393,14072.59830148
p_1384074,33.975562,-118.357644,394,14081.69577848
p_1384074,33.975712,-118.357638,395,14098.34330655
p_1384074,33.975821,-118.357633,396,14110.44262474
p_1384074,33.97624,-118.357617,397,14156.94243638
p_1384074,33.976217,-118.357336,398,14183.0348131
p_1384074,33.976214,-118.357304,399,14186.01061408
p_1384074,33.976199,-118.357121,400,14203.00339442
p_1384074,33.976179,-118.356886,401,14224.83289275
p_1384074,33.976155,-118.356594,402,14251.94778149
p_1384074,33.976096,-118.356059,403,14301.81872944
p_1384074,33.97607,-118.35582,404,14324.09237564
p_1384074,33.976053,-118.355657,405,14339.27288997
p_1384074,33.975966,-118.354867,406,14412.91243384
p_1384074,33.975873,-118.353947,407,14498.55396173
p_1384074,33.975827,-118.353498,408,14540.35901494
p_1384074,33.975791,-118.35315,409,14572.76500048
p_1384074,33.975753,-118.352769,410,14608.225
p_1384074,33.975408,-118.35235,411,14662.66493734
p_1384074,33.975153,-118.352034,412,14703.31965504
p_1384074,33.974786,-118.35158,413,14761.77811054
p_1384074,33.974503,-118.35123,414,14806.85073366
p_1384074,33.974366,-118.351054,415,14829.10976757
p_1384074,33.974367,-118.351055,416,14829.25414121
p_1384074,33.974247,-118.350901,417,14848.74027968
p_1384074,33.974073,-118.350678,418,14876.97496455
p_1384074,33.973738,-118.350248,419,14931.3795272
p_1384074,33.97368,-118.350205,420,14938.94129877
p_1384074,33.973574,-118.350128,421,14952.68462512
p_1384074,33.973396,-118.349993,422,14976.04004303
p_1384074,33.972978,-118.349641,423,15032.6785885
p_1384074,33.972643,-118.349374,424,15077.28368465
p_1384074,33.972354,-118.349153,425,15115.29340054
p_1384074,33.971627,-118.348596,426,15210.96230947
p_1384074,33.971415,-118.348434,427,15238.83911761
p_1384074,33.971225,-118.348291,428,15263.71502179
p_1384074,33.970673,-118.347875,429,15336.0130419
p_1384074,33.97046,-118.347685,430,15365.44990302
p_1384074,33.970344,-118.347674,431,15378.35693426
p_1384074,33.970118,-118.347487,432,15408.80505999
p_1384074,33.970066,-118.347444,433,15415.80943468
p_1384074,33.969998,-118.347385,434,15425.11658904
p_1384074,33.969967,-118.347364,435,15429.06505363
p_1384074,33.969934,-118.34734,436,15433.34503874
p_1384074,33.969838,-118.347191,437,15450.75218046
p_1384074,33.969725,-118.347104,438,15465.64352473
p_1384074,33.970085,-118.346318,439,15548.53579874
p_1384074,33.970617,-118.345175,440,15669.53353335
p_1384074,33.970815,-118.344753,441,15714.2921454
p_1384074,33.970841,-118.344698,442,15720.13621427
p_1384074,33.971135,-118.344073,443,15786.46652293
p_1384074,33.971062,-118.34402,444,15795.92998479
p_1384074,33.97099,-118.343985,445,15804.54651436
p_1384074,33.970923,-118.343977,446,15812.01496369
p_1384074,33.970295,-118.343974,447,15881.67444051
p_1384074,33.970061,-118.343973,448,15907.63031734
p_1384074,33.969554,-118.343971,449,15963.86799435
p_1384074,33.969261,-118.343969,450,15996.36861717
p_1384074,33.968546,-118.343966,451,16075.67820627
p_1384074,33.967455,-118.343966,452,16196.69389895
p_1384074,33.96595,-118.343965,453,16363.63121051
p_1384074,33.965453,-118.343965,454,16418.75932853
p_1384074,33.965195,-118.343961,455,16447.37953031
p_1384074,33.96514,-118.34396,456,16453.48092698
p_1384074,33.964538,-118.343949,457,16520.26355995
