shape_id,shape_pt_lat,shape_pt_lon,shape_pt_sequence,shape_dist_traveled
p_901806,33.978256,-118.189194,1,0
p_901806,33.978245,-118.189064,2,12.0748868
p_901806,33.978222,-118.188866,3,30.54874518
p_901806,33.978195,-118.188568,4,58.24881738
p_901806,33.978176,-118.18837,5,76.66665656
p_901806,33.978168,-118.188301,6,83.10428897
p_901806,33.978142,-118.188057,7,105.83563531
p_901806,33.978119,-118.187874,8,122.9377411
p_901806,33.978096,-118.187675,9,141.50315367
p_901806,33.978088,-118.187622,10,146.48054401
p_901806,33.978069,-118.187454,11,162.14757191
p_901806,33.978065,-118.187424,12,164.95510832
p_901806,33.97805,-118.187302,13,176.35106476
p_901806,33.978027,-118.187073,14,197.6658537
p_901806,33.978008,-118.18692,15,211.96057863
p_901806,33.977985,-118.186691,16,233.27537789
p_901806,33.977974,-118.1866,17,241.77262014
p_901806,33.977947,-118.186317,18,268.09519431
p_901806,33.977947,-118.18631,19,268.74205488
p_901806,33.977924,-118.186096,20,288.68139413
p_901806,33.977901,-118.185905,21,306.51488132
p_901806,33.977863,-118.185562,22,338.49010804
p_901806,33.977844,-118.185371,23,356.26555954
p_901806,33.977798,-118.184929,24,397.42771322
p_901806,33.977787,-118.184822,25,407.39045497
p_901806,33.977737,-118.184349,26,451.45029823
p_901806,33.977734,-118.184326,27,453.60159471
p_901806,33.977718,-118.184189,28,466.38540502
p_901806,33.977665,-118.18367,29,514.70460566
p_901806,33.97765,-118.183517,30,528.94074081
p_901806,33.977642,-118.183434,31,536.66184799
p_901806,33.977612,-118.183159,32,562.29126851
p_901806,33.977589,-118.182915,33,584.98294241
p_901806,33.97757,-118.182762,34,599.27773903
p_901806,33.977547,-118.182564,35,617.75174059
p_901806,33.977543,-118.182526,36,621.2912052
p_901806,33.977489,-118.182022,37,668.24898737
p_901806,33.97747,-118.181816,38,687.40158105
p_901806,33.977428,-118.181419,39,724.38264729
p_901806,33.977425,-118.181374,40,728.55435513
p_901806,33.977371,-118.180878,41,774.77906224
p_901806,33.977356,-118.180717,42,789.74970296
p_901806,33.9773277485452,-118.180454043928,43,814.25052194
p_901806,33.977303,-118.180222,44,835.86855215
p_901806,33.977283,-118.180069,45,850.18016963
p_901806,33.977234,-118.179558,46,897.7131383
p_901806,33.977215,-118.179413,47,911.2772341
p_901806,33.97718,-118.179085,48,941.83515546
p_901806,33.977112,-118.178421,49,1003.65693293
p_901806,33.977062,-118.17794,50,1048.45061196
p_901806,33.977016,-118.177551,51,1084.75827566
p_901806,33.976994,-118.177345,52,1103.95044134
p_901806,33.976994,-118.17733,53,1105.3365866
p_901806,33.976955,-118.17701,54,1135.22243941
p_901806,33.9769439911334,-118.176912187225,55,1144.3434042
p_901806,33.9769440342684,-118.176913559562,56,1144.47031171
p_901806,33.976917,-118.176651,57,1168.91797941
p_901806,33.976887,-118.176392,58,1193.08233512
p_901806,33.97686,-118.176132,59,1217.29482318
p_901806,33.97681,-118.175674,60,1259.98037101
p_901806,33.976761,-118.175201,61,1304.02688505
p_901806,33.976711,-118.174797,62,1341.77021269
p_901806,33.976669,-118.1745,63,1369.60857118
p_901806,33.976635,-118.174133,64,1403.73210684
p_901806,33.976616,-118.173935,65,1422.15027795
p_901806,33.976578,-118.173607,66,1452.75246708
p_901806,33.976547,-118.173355,67,1476.29232447
p_901806,33.976479,-118.172783,68,1529.68640414
p_901806,33.976009,-118.172852,69,1582.20821429
p_901806,33.975822,-118.172882,70,1603.1350666
p_901806,33.975788,-118.17289,71,1606.97819021
p_901806,33.975613,-118.172913,72,1626.50554816
p_901806,33.975327,-118.172958,73,1658.50062286
p_901806,33.974964,-118.173012,74,1699.0733416
p_901806,33.9748,-118.173035,75,1717.38828878
p_901806,33.974648,-118.173058,76,1734.38186864
p_901806,33.974495,-118.17308,77,1751.47426687
p_901806,33.974377,-118.173103,78,1764.73450968
p_901806,33.974342,-118.173103,79,1768.61677698
p_901806,33.974072,-118.173149,80,1798.86588578
p_901806,33.973911,-118.173172,81,1816.8503571
p_901806,33.973701,-118.173203,82,1840.31946447
p_901806,33.973431,-118.173241,83,1870.47356252
p_901806,33.973255,-118.173271,84,1890.19169378
p_901806,33.973076,-118.173302,85,1910.25232877
p_901806,33.972912,-118.173325,86,1928.56727585
p_901806,33.972267,-118.173416,87,2000.60446007
p_901806,33.972134,-118.173439,88,2015.50940715
p_901806,33.97205,-118.173454,89,2024.92940035
p_901806,33.971775,-118.1735,90,2055.72771793
p_901806,33.971699,-118.173508,91,2064.19013797
p_901806,33.971375,-118.173561,92,2100.46106089
p_901806,33.970688,-118.173668,93,2177.30329473
p_901806,33.969906,-118.17379,94,2264.77388385
p_901806,33.969673,-118.173828,95,2290.85618243
p_901806,33.969341,-118.173882,96,2328.01884651
p_901806,33.969124,-118.173912,97,2352.24803721
p_901806,33.968796,-118.173965,98,2388.95863699
p_901806,33.968758,-118.17337,99,2444.10899723
p_901806,33.968739,-118.17321,100,2459.04540571
p_901806,33.968739,-118.17318,101,2461.81796415
p_901806,33.968517,-118.171082,102,2657.2698825
p_901806,33.968517,-118.171051,103,2660.134867
p_901806,33.968334,-118.169418,104,2812.41398268
p_901806,33.968235,-118.168457,105,2901.90504295
p_901806,33.968201,-118.168137,106,2931.71867406
p_901806,33.968136,-118.167374,107,3002.60217978
p_901806,33.968063,-118.167236,108,3017.70936993
p_901806,33.968018,-118.166771,109,3060.97328247
p_901806,33.967964,-118.166344,110,3100.88835759
p_901806,33.967918,-118.165916,111,3140.77162462
p_901806,33.967896,-118.165672,112,3163.45363892
p_901806,33.967873,-118.165451,113,3184.03707254
p_901806,33.967804,-118.164864,114,3238.8245945
p_901806,33.967464,-118.164894,115,3276.63978672
p_901806,33.967102,-118.164932,116,3316.94676779
p_901806,33.966797,-118.16497,117,3350.95971281
p_901806,33.966019,-118.165062,118,3437.6747276
p_901806,33.965782,-118.1651,119,3464.19674521
p_901806,33.964787,-118.16526,120,3575.55014784
p_901806,33.964546,-118.165291,121,3602.43539011
p_901806,33.964218,-118.165337,122,3639.06528335
p_901806,33.963837,-118.165375,123,3681.47214979
p_901806,33.963573,-118.165405,124,3710.88646271
p_901806,33.963177,-118.165451,125,3755.01673954
p_901806,33.963223,-118.165924,126,3799.03033346
p_901806,33.963249,-118.166229,127,3827.36696633
p_901806,33.963303,-118.166794,128,3879.92922203
p_901806,33.963326,-118.167061,129,3904.73808265
p_901806,33.963345,-118.167229,130,3920.40776483
p_901806,33.963383,-118.16758,131,3953.12142037
p_901806,33.963409,-118.167793,132,3973.01793856
p_901806,33.963425,-118.167931,133,3985.89538442
p_901806,33.963436,-118.168053,134,3997.23697875
p_901806,33.963577,-118.16906,135,4091.61316727
p_901806,33.963593,-118.169228,136,4107.24152774
p_901806,33.963654,-118.169678,137,4149.37918291
p_901806,33.963699,-118.170006,138,4180.10246789
p_901806,33.963734,-118.170235,139,4201.6206856
p_901806,33.963966,-118.171768,140,4345.6245353
p_901806,33.963978,-118.171829,141,4351.41738225
p_901806,33.964169,-118.1735,142,4507.303697
p_901806,33.964207,-118.173859,143,4540.75040317
p_901806,33.964233,-118.17411,144,4564.12727934
p_901806,33.964249,-118.174232,145,4575.54175878
p_901806,33.964275,-118.174484,146,4599.01034383
p_901806,33.964314,-118.174843,147,4632.47116853
p_901806,33.964355,-118.17524,148,4669.44401319
p_901806,33.964359,-118.175278,149,4672.98401552
p_901806,33.964371,-118.175407,150,4684.980698
p_901806,33.964394,-118.175606,151,4703.54903636
p_901806,33.964397,-118.175652,152,4707.81351173
p_901806,33.964413,-118.175819,153,4723.34990232
p_901806,33.96442,-118.175888,154,4729.77420363
p_901806,33.964432,-118.175987,155,4739.02041795
p_901806,33.964466,-118.176323,156,4770.30279615
p_901806,33.964485,-118.176498,157,4786.61358943
p_901806,33.964516,-118.176811,158,4815.74569661
p_901806,33.96452,-118.176842,159,4818.64496594
p_901806,33.964535,-118.176956,160,4829.31176959
p_901806,33.96455,-118.177139,161,4846.30684752
p_901806,33.964569,-118.17733,162,4864.08502587
p_901806,33.964588,-118.17749,163,4879.02214859
p_901806,33.964607,-118.177689,164,4897.53469777
p_901806,33.964619,-118.17778,165,4906.04987449
p_901806,33.964634,-118.177963,166,4923.04493587
p_901806,33.964653,-118.178116,167,4937.34184947
p_901806,33.964661,-118.178192,168,4944.42182967
p_901806,33.964695,-118.178535,169,4976.34646284
p_901806,33.964748,-118.179008,170,5020.45604033
p_901806,33.964767,-118.179222,171,5040.34651237
p_901806,33.96479,-118.179413,172,5058.18268459
p_901806,33.964825,-118.179726,173,5087.37038433
p_901806,33.964844,-118.179916,174,5105.05673855
p_901806,33.964848,-118.179955,175,5108.68843344
p_901806,33.964878,-118.180252,176,5136.33897356
p_901806,33.964897,-118.180428,177,5152.7413419
p_901806,33.964931,-118.180733,178,5181.18144219
p_901806,33.964951,-118.180923,179,5198.88133482
p_901806,33.964962,-118.181038,180,5209.57975133
p_901806,33.9651870269317,-118.180998697227,181,5234.80306346
p_901806,33.9652337024931,-118.181466506953,182,5278.34805408
p_901806,33.9652337204117,-118.181466493108,183,5278.35041788
p_901806,33.9653321727226,-118.182382484206,184,5363.7099121
p_901806,33.9651109635589,-118.182412356545,185,5388.40165856
p_901806,33.965149,-118.1828,186,5424.4762112
p_901806,33.965233,-118.183571,187,5496.34049862
p_901806,33.96526,-118.183846,188,5521.93249803
p_901806,33.965298,-118.184204,189,5555.28710059
p_901806,33.965351,-118.1847,190,5601.50398937
p_901806,33.965382,-118.184982,191,5627.79291922
p_901806,33.965408,-118.185249,192,5652.63760783
p_901806,33.965446,-118.185608,193,5686.08383686
p_901806,33.965462,-118.185745,194,5698.86944781
p_901806,33.965527,-118.186333,195,5753.68984474
p_901806,33.965591,-118.186951,196,5811.24614695
p_901806,33.965931,-118.187042,197,5849.88596096
p_901806,33.965946,-118.187042,198,5851.54978752
p_901806,33.966064,-118.187073,199,5864.94846266
p_901806,33.966167,-118.187035,200,5876.9010175
p_901806,33.966732,-118.187164,201,5940.69577927
p_901806,33.96677,-118.187256,202,5950.18590802
p_901806,33.967022,-118.187325,203,5978.85639738
p_901806,33.967175,-118.187363,204,5996.18700519
p_901806,33.967274,-118.187386,205,6007.37210573
p_901806,33.967476,-118.187439,206,6030.30746989
p_901806,33.967594,-118.187469,207,6043.68667985
p_901806,33.96796,-118.187561,208,6085.1648866
p_901806,33.968193,-118.187614,209,6111.46974054
p_901806,33.968422,-118.18766,210,6137.22413835
p_901806,33.968552,-118.18763,211,6151.90810245
p_901806,33.968929,-118.187721,212,6194.56294059
p_901806,33.969013,-118.187805,213,6206.69063397
p_901806,33.969395,-118.187904,214,6250.03933127
p_901806,33.969479,-118.187866,215,6259.99663358
p_901806,33.969627,-118.187897,216,6276.66118184
p_901806,33.969662,-118.187965,217,6284.04803838
p_901806,33.969803,-118.187996,218,6299.948254
p_901806,33.969952,-118.188026,219,6316.70654511
p_901806,33.969994,-118.188034,220,6321.42356421
p_901806,33.970306,-118.188087,221,6356.3760826
p_901806,33.970371,-118.188622,222,6406.34203585
p_901806,33.970383,-118.188736,223,6416.96130655
p_901806,33.970402,-118.188896,224,6431.89743341
p_901806,33.970409,-118.18895,225,6436.94798267
p_901806,33.970417,-118.188995,226,6441.20035695
p_901806,33.970436,-118.189156,227,6456.22797582
p_901806,33.970455,-118.189323,228,6471.80480609
p_901806,33.970478,-118.189499,229,6488.26901447
p_901806,33.970528,-118.189964,230,6531.59918788
p_901806,33.970558,-118.190285,231,6561.45098768
p_901806,33.970581,-118.190468,232,6578.55457317
p_901806,33.970688,-118.19149,233,6673.74709304
p_901806,33.970703,-118.191635,234,6687.25038285
p_901806,33.970737,-118.191986,235,6719.90706143
p_901806,33.970798,-118.19268,236,6784.39997688
p_901806,33.970802,-118.192726,237,6788.67422144
p_901806,33.970875,-118.193359,238,6847.7315074
p_901806,33.970879,-118.193382,239,6849.90289576
p_901806,33.970894,-118.193535,240,6864.14014377
p_901806,33.970924,-118.193802,241,6889.03865767
p_901806,33.970959,-118.194115,242,6918.22429964
p_901806,33.9709772350496,-118.194265764277,243,6932.30341167
p_901806,33.9709773297145,-118.194266056132,244,6932.33235563
p_901806,33.970989,-118.194382,245,6943.12535627
p_901806,33.971001,-118.194489,246,6953.10306971
p_901806,33.971024,-118.19471,247,6973.68576148
p_901806,33.971027,-118.194763,248,6978.59510772
p_901806,33.971039,-118.194847,249,6986.4713505
p_901806,33.971058,-118.195007,250,7001.40736499
p_901806,33.971058,-118.19503,251,7003.53293543
p_901806,33.971073,-118.195183,252,7017.77015403
p_901806,33.9711,-118.195412,253,7039.14429359
p_901806,33.971111,-118.195534,254,7050.48488115
p_901806,33.97113,-118.195686,255,7064.68933513
p_901806,33.971142,-118.195816,256,7076.7769285
p_901806,33.971199,-118.196312,257,7123.04924133
p_901806,33.97121,-118.196419,258,7133.0127398
p_901806,33.971249,-118.196785,259,7167.11247877
p_901806,33.971298,-118.19725,260,7210.42820988
p_901806,33.971329,-118.197533,261,7236.80696624
p_901806,33.97134,-118.197655,262,7248.14752376
p_901806,33.971359,-118.197845,263,7265.83254884
p_901806,33.971443,-118.198715,264,7346.77231855
p_901806,33.971447,-118.198746,265,7349.67135842
p_901806,33.971466,-118.198936,266,7367.35636166
p_901806,33.971851,-118.198883,267,7410.34125339
p_901806,33.971897,-118.198875,268,7415.4969442
p_901806,33.972401,-118.198814,269,7471.6850819
p_901806,33.973309,-118.198654,270,7573.4817623
p_901806,33.973747,-118.198593,271,7622.39151026
p_901806,33.973919,-118.198563,272,7641.67046155
p_901806,33.974117,-118.19854,273,7663.73561233
p_901806,33.974319,-118.198509,274,7686.32423979
p_901806,33.974499,-118.198479,275,7706.48174636
p_901806,33.975052,-118.198395,276,7768.31080616
p_901806,33.975578,-118.198318,277,7827.08805574
p_901806,33.9757383192159,-118.199852179928,278,7969.97426215
p_901806,33.9757381747805,-118.199851982129,279,7969.99856829
p_901806,33.975746,-118.199928,280,7977.07687947
p_901806,33.975845,-118.200798,281,8058.22091786
p_901806,33.975868,-118.201004,282,8077.42775602
p_901806,33.97591,-118.201431,283,8117.16126261
p_901806,33.975929,-118.20163,284,8135.67139084
p_901806,33.975941,-118.201752,285,8147.02381526
p_901806,33.97596,-118.20192,286,8162.69122635
p_901806,33.976021,-118.20253,287,8219.4664245
p_901806,33.976028,-118.202629,288,8228.64797707
p_901806,33.976986,-118.202499,289,8335.58812888
p_901806,33.977642,-118.2024,290,8408.92580006
p_901806,33.97908,-118.202194,291,8569.56353613
p_901806,33.979179,-118.202187,292,8580.56384991
p_901806,33.979252,-118.202179,293,8588.69483262
p_901806,33.979336,-118.202187,294,8598.04156242
p_901806,33.979488,-118.20224,295,8615.59863408
p_901806,33.979664,-118.20237,296,8638.52086972999
p_901806,33.979889,-118.202538,297,8667.91268989
p_901806,33.980091,-118.202576,298,8690.59242175999
p_901806,33.980171,-118.202591,299,8699.5737865
p_901806,33.980457,-118.202591,300,8731.29748720999
p_901806,33.980724,-118.202599,301,8760.92289535999
p_901806,33.981297,-118.202599,302,8824.48122601999
p_901806,33.982044,-118.202606,303,8907.34252576999
p_901806,33.982086,-118.202606,304,8912.00125237999
p_901806,33.982452,-118.202599,305,8952.60388097999
p_901806,33.982578,-118.202599,306,8966.58006182999
p_901806,33.982994,-118.202591,307,9012.72956595999
p_901806,33.982487,-118.197639,308,9473.75441525999
p_901806,33.982468,-118.197456,309,9490.79512822
p_901806,33.982391,-118.19709,310,9525.67674224
p_901806,33.982338,-118.196793,311,9553.74329747
p_901806,33.98222,-118.195572,312,9667.32521559999
p_901806,33.982113,-118.194366,313,9779.39478924999
p_901806,33.981972,-118.193161,314,9891.83492357999
p_901806,33.981903,-118.192459,315,9957.15272403999
p_901806,33.981934,-118.192184,316,9982.79551715999
p_901806,33.981915,-118.191948,317,10004.7045447
p_901806,33.98177,-118.191971,318,10020.9280543
p_901806,33.981369,-118.192024,319,10065.67660277
p_901806,33.979691,-118.192284,320,10253.34799255
p_901806,33.9795,-118.192314,321,10274.71469997
p_901806,33.979088,-118.192383,322,10320.85722515
p_901806,33.9786,-118.192444,323,10375.27987178
p_901806,33.97858,-118.192284,324,10390.23065035
p_901806,33.978573,-118.192223,325,10395.92076177
p_901806,33.978504,-118.191582,326,10455.6467169
p_901806,33.97847,-118.191277,327,10484.08237954
p_901806,33.97839,-118.190498,328,10556.61318871
p_901806,33.978363,-118.190254,329,10579.35881611
p_901806,33.978287,-118.189507,330,10648.90062525
p_901806,33.978256,-118.189194,331,10678.02810316
