shape_id,shape_pt_lat,shape_pt_lon,shape_pt_sequence,shape_dist_traveled
p_914838,34.107476,-118.032654,1,0
p_914838,34.107561,-118.033191,2,50.43714821
p_914838,34.107579,-118.033301,3,60.78117489
p_914838,34.107633,-118.033643,4,92.90034874
p_914838,34.107654,-118.033758,5,103.76386004
p_914838,34.107683,-118.033912,6,118.33271473
p_914838,34.107732,-118.034175,7,143.20046329
p_914838,34.10774,-118.034258,8,150.90994822
p_914838,34.107763,-118.034475,9,171.0939871
p_914838,34.107772,-118.034851,10,205.80109941
p_914838,34.107768,-118.034952,11,215.13071933
p_914838,34.107758,-118.035463,12,262.29269379
p_914838,34.107753,-118.035719,13,285.91980434
p_914838,34.107738,-118.036372,14,346.19376512
p_914838,34.107736,-118.036493,15,357.36039577
p_914838,34.107732,-118.036704,16,376.83399754
p_914838,34.107719,-118.037451,17,445.77327786
p_914838,34.107712,-118.037811,18,478.99883652
p_914838,34.107709,-118.037976,19,494.22669594
p_914838,34.107704,-118.038267,20,521.08241802
p_914838,34.107765,-118.038391,21,534.37473624
p_914838,34.107761,-118.03871,22,563.81155985
p_914838,34.107759,-118.03891,23,582.26648616
p_914838,34.107754,-118.039322,24,620.28493465
p_914838,34.10775,-118.039647,25,650.27530818
p_914838,34.107733,-118.040857,26,761.93549319
p_914838,34.107726,-118.041151,27,789.07339486
p_914838,34.107708,-118.042344,28,899.16723858
p_914838,34.107704,-118.042604,29,923.16102732
p_914838,34.107695,-118.043772,30,1030.93471004
p_914838,34.107694,-118.04406,31,1057.50813571
p_914838,34.107693,-118.045101,32,1153.55922561
p_914838,34.107693,-118.045498,33,1190.18963626
p_914838,34.108046,-118.045504,34,1229.34984018
p_914838,34.108873,-118.045518,35,1321.09336902
p_914838,34.110132,-118.045535,36,1460.75595324
p_914838,34.111425,-118.04556,37,1604.1997343
p_914838,34.112516,-118.045578,38,1725.22966034
p_914838,34.11357,-118.045603,39,1842.16675933
p_914838,34.11513,-118.045638,40,2015.23903284
p_914838,34.115397,-118.045646,41,2044.8650616
p_914838,34.116074,-118.045666,42,2119.983599
p_914838,34.116233,-118.045671,43,2137.62662376
p_914838,34.116698,-118.045659,44,2189.21839221
p_914838,34.117153,-118.045666,45,2239.69317117
p_914838,34.117426,-118.04567,46,2269.97780986
p_914838,34.118305,-118.04571,47,2367.5502699
p_914838,34.118548,-118.045713,48,2394.50635082
p_914838,34.119426,-118.045726,49,2491.90547854
p_914838,34.119503,-118.045726,50,2500.44666856
p_914838,34.12056,-118.045732,51,2617.69523075
p_914838,34.121546,-118.045753,52,2727.08401788
p_914838,34.122256,-118.045767,53,2805.85106591
p_914838,34.122492,-118.045771,54,2832.03187175
p_914838,34.122461,-118.050437,55,3262.49336718
p_914838,34.122446,-118.051225,56,3335.20699005
p_914838,34.122429,-118.05204,57,3410.41603615
p_914838,34.122414,-118.052741,58,3475.10612072
p_914838,34.122405,-118.053565,59,3551.12837133
p_914838,34.122405,-118.053814,60,3574.09913486
p_914838,34.122402,-118.054153,61,3605.37435499
p_914838,34.1224,-118.054306,62,3619.49066457
p_914838,34.122398,-118.054485,63,3636.00527507
p_914838,34.122398,-118.054521,64,3639.32634959
p_914838,34.122394,-118.054864,65,3670.971921
p_914838,34.122393,-118.054961,66,3679.92105974
p_914838,34.122328,-118.055054,67,3691.12786234
p_914838,34.122501,-118.055051,68,3710.31981355
p_914838,34.122879,-118.055028,69,3752.30296482
p_914838,34.123377,-118.054998,70,3807.61270473
p_914838,34.123801,-118.054972,71,3854.70586337
p_914838,34.12384,-118.05497,72,3859.03585631
p_914838,34.12406,-118.054957,73,3883.46872388
p_914838,34.12427,-118.054944,74,3906.79374639
p_914838,34.124915,-118.054905,75,3978.43053788
p_914838,34.125678,-118.054859,76,4063.17235889
p_914838,34.125725,-118.054856,77,4068.3931579
p_914838,34.125784,-118.054852,78,4074.94810682
p_914838,34.12596,-118.054842,79,4094.49262956
p_914838,34.125984,-118.05485,80,4097.25521683
p_914838,34.126079,-118.054885,81,4108.27658427
p_914838,34.1261,-118.05473,82,4122.76353853
p_914838,34.126121,-118.054587,83,4136.1590995
p_914838,34.1261439595859,-118.054427297973,84,4151.10980771
p_914838,34.1261492461518,-118.054429426723,85,4151.72822479
p_914838,34.126159,-118.054325,86,4161.4219486
p_914838,34.126236,-118.053795,87,4211.05381397
p_914838,34.126288,-118.053436,88,4244.66936954
p_914838,34.126301,-118.053347,89,4253.00510402
p_914838,34.126363,-118.052926,90,4292.44566209
p_914838,34.126382,-118.052789,91,4305.25813372
p_914838,34.126419,-118.052532,92,4329.31843158
p_914838,34.126453,-118.052294,93,4351.59495579
p_914838,34.126511,-118.0519,94,4388.50554937
p_914838,34.126559,-118.051567,95,4419.68201188
p_914838,34.126569,-118.051498,96,4426.14302417
p_914838,34.126597,-118.051306,97,4444.12481126
p_914838,34.126624,-118.05112,98,4461.54227247
p_914838,34.126667,-118.050818,99,4489.80637633
p_914838,34.126756,-118.050202,100,4547.48196429
p_914838,34.126783,-118.05001,101,4565.44488594
p_914838,34.126812,-118.049812,102,4583.99095842
p_914838,34.126824,-118.049725,103,4592.12610851
p_914838,34.126858,-118.049492,104,4613.94809137
p_914838,34.12689,-118.049272,105,4634.55055934
p_914838,34.126976,-118.048673,106,4690.62401475
p_914838,34.127,-118.048506,107,4706.25761323
p_914838,34.127002,-118.048496,108,4707.20638578
p_914838,34.127024,-118.048337,109,4722.07529429
p_914838,34.127146,-118.047564,110,4794.6549962
p_914838,34.127177,-118.047351,111,4814.60221319
p_914838,34.127194,-118.047231,112,4825.83130593
p_914838,34.127256,-118.046784,113,4867.63522678
p_914838,34.127268,-118.046694,114,4876.04346811
p_914838,34.127382,-118.045854,115,4954.55575667
p_914838,34.127421,-118.045586,116,4979.65350493
p_914838,34.12743,-118.045523,117,4985.55016522
p_914838,34.127486,-118.045137,118,5021.69511434
p_914838,34.127582,-118.044479,119,5083.3203265
p_914838,34.127761,-118.04326,120,5197.50815391
p_914838,34.127937,-118.042043,121,5311.45658727
p_914838,34.128081,-118.041046,122,5404.80262341
p_914838,34.128198,-118.04024,123,5480.27697057
p_914838,34.128217,-118.040121,124,5491.45470588
p_914838,34.12823,-118.040067,125,5496.64050157
p_914838,34.128247,-118.040001,126,5503.01406711
p_914838,34.128405,-118.03891,127,5605.16870814
p_914838,34.12844,-118.038671,128,5627.55461652
p_914838,34.128683,-118.036978,129,5786.03511649
p_914838,34.128818,-118.036068,130,5871.30346124
p_914838,34.128851,-118.035843,131,5892.37892868
p_914838,34.129013,-118.034716,132,5997.88064958
p_914838,34.129128,-118.03391,133,6073.3163622
p_914838,34.129195,-118.033389,134,6121.94710999
p_914838,34.129218,-118.033231,135,6136.74338137
p_914838,34.129275,-118.032847,136,6172.72518765
p_914838,34.129436,-118.031753,137,6275.20873394
p_914838,34.129448,-118.031665,138,6283.43465451
p_914838,34.12947,-118.031531,139,6296.03399625
p_914838,34.129483,-118.031425,140,6305.91766165
p_914838,34.129497,-118.031314,141,6316.27388285
p_914838,34.129517,-118.031156,142,6331.01636873
p_914838,34.129649,-118.031166,143,6345.68746086
p_914838,34.129917,-118.031171,144,6375.41886678
p_914838,34.130257,-118.031178,145,6413.13880479
p_914838,34.130481,-118.031185,146,6437.99433577
p_914838,34.130826,-118.031196,147,6476.27682316
p_914838,34.131366,-118.031203,148,6536.17967158
p_914838,34.132217,-118.031217,149,6630.58548265
p_914838,34.132324,-118.031219,150,6642.45586748
p_914838,34.132896,-118.031228,151,6705.9102744
p_914838,34.133447,-118.031239,152,6767.03825717
p_914838,34.13399,-118.03125,153,6827.27897091
p_914838,34.134556,-118.031265,154,6890.07765894
p_914838,34.135101,-118.031275,155,6950.53872414
p_914838,34.13565,-118.031279,156,7011.43757541
p_914838,34.135852,-118.031284,157,7033.84913885
p_914838,34.136514,-118.031302,158,7107.30015487
p_914838,34.136746,-118.031308,159,7133.04067146
p_914838,34.137297,-118.031314,160,7194.16277661
p_914838,34.137847,-118.031323,161,7255.17710422
p_914838,34.138406,-118.031332,162,7317.18967032
p_914838,34.138852,-118.031344,163,7366.67455177
p_914838,34.138951,-118.031344,164,7377.65611661
p_914838,34.139498,-118.031364,165,7438.36007321
p_914838,34.139942,-118.031369,166,7487.61289327
p_914838,34.140015,-118.031368,167,7495.71093746
p_914838,34.140016,-118.031274,168,7504.3815427
p_914838,34.140021,-118.031097,169,7520.71618973
p_914838,34.140022,-118.031013,170,7528.46454956
p_914838,34.140023,-118.030929,171,7536.2129093
p_914838,34.140023,-118.030898,172,7539.07212996
p_914838,34.140037,-118.029963,173,7625.32388862
p_914838,34.140056,-118.028938,174,7719.88609938
p_914838,34.140055,-118.028873,175,7725.88226328
p_914838,34.140056,-118.02847,176,7763.05228311
p_914838,34.140056,-118.028349,177,7774.21246263
p_914838,34.140137,-118.028351,178,7783.19927447
p_914838,34.140206,-118.028353,179,7790.85531656
p_914838,34.140641,-118.028361,180,7839.11330013
p_914838,34.141123,-118.028371,181,7892.58707265
p_914838,34.141211,-118.028377,182,7902.36414096
p_914838,34.141272,-118.028378,183,7909.13119085
p_914838,34.142143,-118.028389,184,8005.7521473
p_914838,34.142289,-118.028396,185,8021.96005463
p_914838,34.14231,-118.028398,186,8024.29677084
p_914838,34.142398,-118.028399,187,8034.05860302
p_914838,34.142549,-118.028406,188,8050.82071014
p_914838,34.142716,-118.028411,189,8069.35091836
p_914839,34.142713012408,-118.028381439604,1,0
p_914839,34.1431886660087,-118.028392888028,2,52.77242598
p_914839,34.1433988850723,-118.028387767028,3,76.09575343
p_914839,34.1433925374552,-118.028449318661,4,81.8161142
p_914839,34.1433243165508,-118.028456187715,5,89.40998908
p_914839,34.142398,-118.028399,6,192.29690699
p_914839,34.14231,-118.028398,7,202.05873917
p_914839,34.142289,-118.028396,8,204.39545538
p_914839,34.142143,-118.028389,9,220.60336271
p_914839,34.141272,-118.028378,10,317.22431916
p_914839,34.141211,-118.028377,11,323.99136905
p_914839,34.141123,-118.028371,12,333.76843736
p_914839,34.140641,-118.028361,13,387.24220988
p_914839,34.140206,-118.028353,14,435.50019345
p_914839,34.140137,-118.028351,15,443.15623554
p_914839,34.140137,-118.029013,16,504.21434952
p_914839,34.140125,-118.029966,17,592.12229298
p_914839,34.14011,-118.030916,18,679.75927021
p_914839,34.140106,-118.031278,19,713.15050347
p_914839,34.140105,-118.031366,20,721.26775088
p_914839,34.140101,-118.031518,21,735.29416175
p_914839,34.140013,-118.031517,22,745.05599029
p_914839,34.139938,-118.031516,23,753.37587031
p_914839,34.139708,-118.031513,24,778.89010098
p_914839,34.139165,-118.031505,25,839.12684493
p_914839,34.13895,-118.031501,26,862.97855197
p_914839,34.138847,-118.031501,27,874.40381639
p_914839,34.13861,-118.031494,28,900.70094332
p_914839,34.137638,-118.031475,29,1008.53417103
p_914839,34.137094,-118.031459,30,1068.8953434
p_914839,34.136745,-118.031449,31,1107.61910652
p_914839,34.13653,-118.031443,32,1131.47437092
p_914839,34.136204,-118.03144,33,1167.6369312
p_914839,34.135649,-118.031436,34,1229.20132491
p_914839,34.135428,-118.031434,35,1253.71640787
p_914839,34.134554,-118.031426,36,1350.66751451
p_914839,34.133444,-118.0314,37,1473.8174059
p_914839,34.132514,-118.031375,38,1577.0032316
p_914839,34.132323,-118.03137,39,1598.19488393
p_914839,34.131366,-118.031361,40,1704.35313461
p_914839,34.131099,-118.031354,41,1733.97708295
p_914839,34.130822,-118.031346,42,1764.71209992
p_914839,34.130619,-118.031341,43,1787.23454691
p_914839,34.129995,-118.031326,44,1856.46541407
p_914839,34.129621,-118.031316,45,1897.96151813
p_914839,34.129497,-118.031314,46,1911.71742164
p_914839,34.129483,-118.031425,47,1922.07364284
p_914839,34.12947,-118.031531,48,1931.95730824
p_914839,34.129449,-118.031659,49,1943.99217972
p_914839,34.129448,-118.031665,50,1944.55665242
p_914839,34.129436,-118.031753,51,1952.78257299
p_914839,34.129275,-118.032847,52,2055.26611928
p_914839,34.129218,-118.033231,53,2091.24792556
p_914839,34.129195,-118.033389,54,2106.04419694
p_914839,34.129128,-118.03391,55,2154.67494473
p_914839,34.129013,-118.034716,56,2230.11065735
p_914839,34.128851,-118.035843,57,2335.61237825
p_914839,34.128818,-118.036068,58,2356.68784569
p_914839,34.128683,-118.036978,59,2441.95619044
p_914839,34.128467,-118.038484,60,2582.92872679
p_914839,34.12844,-118.038671,61,2600.43670001
p_914839,34.128247,-118.040001,62,2724.9772163
p_914839,34.12823,-118.040067,63,2731.35078184
p_914839,34.128217,-118.040121,64,2736.53657753
p_914839,34.128198,-118.04024,65,2747.71431284
p_914839,34.128081,-118.041046,66,2823.18866
p_914839,34.127937,-118.042043,67,2916.53469614
p_914839,34.127761,-118.04326,68,3030.4831295
p_914839,34.127582,-118.044479,69,3144.67095691
p_914839,34.127486,-118.045137,70,3206.29616907
p_914839,34.12743,-118.045523,71,3242.44111819
p_914839,34.127382,-118.045854,72,3273.43550366
p_914839,34.127346,-118.046121,73,3298.38698633
p_914839,34.127268,-118.046694,74,3351.94781167
p_914839,34.127256,-118.046784,75,3360.356053
p_914839,34.127194,-118.047231,76,3402.15997385
p_914839,34.127177,-118.047351,77,3413.38906659
p_914839,34.127146,-118.047564,78,3433.33628358
p_914839,34.127024,-118.048337,79,3505.91598549
p_914839,34.127002,-118.048496,80,3520.784894
p_914839,34.127,-118.048506,81,3521.73366655
p_914839,34.126976,-118.048673,82,3537.36726503
p_914839,34.12689,-118.049272,83,3593.44072044
p_914839,34.126858,-118.049492,84,3614.04318841
p_914839,34.126824,-118.049725,85,3635.86517127
p_914839,34.126815,-118.049787,86,3641.67097781
p_914839,34.126812,-118.049812,87,3644.00104505
p_914839,34.126783,-118.05001,88,3662.54711753
p_914839,34.126756,-118.050202,89,3680.51003918
p_914839,34.126667,-118.050818,90,3738.18562714
p_914839,34.126624,-118.05112,91,3766.449731
p_914839,34.126597,-118.051306,92,3783.86719221
p_914839,34.126559,-118.051567,93,3808.30998892
p_914839,34.126529,-118.051774,94,3827.6930302
p_914839,34.126511,-118.0519,95,3839.48647287
p_914839,34.126453,-118.052294,96,3876.39706645
p_914839,34.126419,-118.052532,97,3898.67359066
p_914839,34.126382,-118.052789,98,3922.73388852
p_914839,34.126363,-118.052926,99,3935.54636015
p_914839,34.126301,-118.053347,100,3974.98691822
p_914839,34.126288,-118.053436,101,3983.3226527
p_914839,34.126236,-118.053795,102,4016.93820827
p_914839,34.126159,-118.054325,103,4066.57007364
p_914839,34.1261306202187,-118.054524659321,104,4085.25533842
p_914839,34.1261295901181,-118.054527148074,105,4085.51178391
p_914839,34.1261,-118.05473,106,4104.51015581
p_914839,34.126079,-118.054885,107,4118.99711007
p_914839,34.125972,-118.054945,108,4132.09316666
p_914839,34.124355,-118.055053,109,4311.73480694
p_914839,34.12404,-118.055074,110,4346.72972825
p_914839,34.123118,-118.055125,111,4449.11038683
p_914839,34.122687,-118.055149,112,4496.97013194
p_914839,34.12254,-118.055154,113,4513.28257123
p_914839,34.12246,-118.055157,114,4522.16085387
p_914839,34.122242,-118.055173,115,4546.38742261
p_914839,34.122328,-118.055054,116,4560.93111803
p_914839,34.122393,-118.054961,117,4572.13792063
p_914839,34.122394,-118.054864,118,4581.08705937
p_914839,34.122395,-118.054759,119,4590.77416222
p_914839,34.122398,-118.054521,120,4612.73267694
p_914839,34.122398,-118.054485,121,4616.05375146
p_914839,34.1224,-118.054306,122,4632.56836196
p_914839,34.122402,-118.054153,123,4646.68467154
p_914839,34.122405,-118.053814,124,4677.95989167
p_914839,34.122405,-118.053565,125,4700.9306552
p_914839,34.122414,-118.052741,126,4776.95290581
p_914839,34.122429,-118.05204,127,4841.64299038
p_914839,34.122446,-118.051225,128,4916.85203648
p_914839,34.122461,-118.050437,129,4989.56565935
p_914839,34.122492,-118.045771,130,5420.02715478
p_914839,34.122306,-118.045767,131,5440.66242978
p_914839,34.121546,-118.045753,132,5524.97501105
p_914839,34.12056,-118.045732,133,5634.36379818
p_914839,34.119503,-118.045726,134,5751.61236037
p_914839,34.119426,-118.045726,135,5760.15355039
p_914839,34.118305,-118.04571,136,5884.50871483
p_914839,34.118051,-118.045698,137,5912.70528549
p_914839,34.117426,-118.04567,138,5982.08121616
p_914839,34.117153,-118.045666,139,6012.36585485
p_914839,34.116698,-118.045659,140,6062.84063381
p_914839,34.116233,-118.045671,141,6114.43240226
p_914839,34.116074,-118.045666,142,6132.07542702
p_914839,34.115364,-118.045645,143,6210.85563377
p_914839,34.11513,-118.045638,144,6236.81999265
p_914839,34.11357,-118.045603,145,6409.89226616
p_914839,34.112516,-118.045578,146,6526.82936515
p_914839,34.111425,-118.04556,147,6647.85929119
p_914839,34.110132,-118.045535,148,6791.30307225
p_914839,34.108873,-118.045518,149,6930.96565647
p_914839,34.107693,-118.045498,150,7061.86938919
p_914839,34.10755,-118.045496,151,7077.73264196
p_914839,34.107554,-118.045166,152,7108.18437727
p_914839,34.107555,-118.045061,153,7117.87317192
p_914839,34.107566,-118.044056,154,7210.61072092
p_914839,34.107582,-118.042902,155,7317.10297484
p_914839,34.107586,-118.042602,156,7344.78697725
p_914839,34.107591,-118.042296,157,7373.02647815
p_914839,34.107605,-118.041473,158,7448.97903492
p_914839,34.10761,-118.041146,159,7479.15581049
p_914839,34.107616,-118.039636,160,7618.48226697
p_914839,34.10764,-118.038637,161,7710.69654235
p_914839,34.107646,-118.038404,162,7732.20530706
p_914839,34.107704,-118.038267,163,7746.38907421
p_914839,34.107711,-118.037865,164,7783.48894505
p_914839,34.107712,-118.037811,165,7788.47265255
p_914839,34.107719,-118.037451,166,7821.69821121
p_914839,34.107732,-118.036704,167,7890.63749153
p_914839,34.107736,-118.036493,168,7910.1110933
p_914839,34.107738,-118.036372,169,7921.27772395
p_914839,34.107753,-118.035719,170,7981.55168473
p_914839,34.107758,-118.035463,171,8005.17879528
p_914839,34.107768,-118.034952,172,8052.34076974
p_914839,34.107772,-118.034851,173,8061.67038966
p_914839,34.107763,-118.034475,174,8096.37750197
p_914839,34.10774,-118.034258,175,8116.56154085
p_914839,34.107732,-118.034175,176,8124.27102578
p_914839,34.107683,-118.033912,177,8149.13877434
p_914839,34.107654,-118.033758,178,8163.70762903
p_914839,34.107633,-118.033643,179,8174.57114033
p_914839,34.107542,-118.033306,180,8207.26289465
p_914839,34.107514,-118.033202,181,8217.34890917
p_914839,34.107472,-118.033051,182,8232.03970064
p_914839,34.107415,-118.032851,183,8251.54646849
p_914839,34.107345,-118.032635,184,8272.93558465
p_914839,34.107294,-118.032464,185,8289.69701309
p_914839,34.107208,-118.032131,186,8321.86925422
p_914839,34.107175,-118.031942,187,8339.68805596
p_914839,34.107161,-118.031751,188,8357.37964902001
p_914839,34.107189,-118.031462,189,8384.22554374001
p_914839,34.107197,-118.031372,190,8392.57699539001
p_914839,34.107205,-118.031294,191,8399.82844610001
p_914839,34.107266,-118.030856,192,8440.80459093001
p_914839,34.107284,-118.03072,193,8453.51095881001
p_914839,34.107349,-118.030281,194,8494.65350325001
p_914840,34.107349,-118.030281,1,0
p_914840,34.107363,-118.030188,2,8.72035114
p_914840,34.107382,-118.030063,3,20.44487887
p_914840,34.107471,-118.029465,4,76.49756173
p_914840,34.107507,-118.029224,5,99.08992475
p_914840,34.107628,-118.028368,6,179.20379444
p_914840,34.107665,-118.028108,7,203.54204204
p_914840,34.10774,-118.027571,8,253.78354443
p_914840,34.107759,-118.027437,9,266.32579534
p_914840,34.107795,-118.027196,10,288.91808423
p_914840,34.107811,-118.027086,11,299.22156118
p_914840,34.107948,-118.026144,12,387.45636666
p_914840,34.108099,-118.025104,13,484.86560627
p_914840,34.108107,-118.025052,14,489.7448947
p_914840,34.108123,-118.024942,15,500.04833496
p_914840,34.108174,-118.024594,16,532.65198287
p_914840,34.10821,-118.02434,17,556.42570189
p_914840,34.108299,-118.023712,18,615.20462952
p_914840,34.108329,-118.023499,19,635.13732037
p_914840,34.108389,-118.023076,20,674.72979133
p_914840,34.108499,-118.022314,21,746.08834218
p_914840,34.108564,-118.021869,22,787.77546497
p_914840,34.108573,-118.021805,23,793.76435224
p_914840,34.1086,-118.021617,24,811.36721342
p_914840,34.108955,-118.019167,25,1040.8251866
p_914840,34.109033,-118.018638,26,1090.39515374
p_914840,34.109081,-118.018307,27,1121.39603372
p_914840,34.109171,-118.018361,28,1132.55346792
p_914840,34.109262,-118.018404,29,1143.39929147
p_914840,34.109339,-118.018407,30,1151.94495134
p_914840,34.109572,-118.018416,31,1177.80366487
p_914840,34.109745,-118.018422,32,1197.00156404
p_914840,34.110163,-118.018431,33,1243.37538746
p_914840,34.111808,-118.018459,34,1425.8642996
p_914840,34.112083,-118.018466,35,1456.37534847
p_914840,34.112788,-118.018479,36,1534.58626098
p_914840,34.114257,-118.018513,37,1697.56445189
p_914840,34.114335,-118.018515,38,1706.21852656
p_914840,34.114411,-118.018515,39,1714.64878503
p_914840,34.114606,-118.018517,40,1736.27984098
p_914840,34.115075,-118.018522,41,1788.30545883
p_914840,34.115399,-118.018526,42,1824.2468815
p_914840,34.115474,-118.018527,43,1832.56672851
p_914840,34.116475,-118.018551,44,1943.62421075
p_914840,34.117994,-118.018573,45,2112.13075847
p_914840,34.118567,-118.018589,46,2175.70764898
p_914840,34.119345,-118.018604,47,2262.01803276
p_914840,34.119846,-118.018609,48,2317.59314565
p_914840,34.120037,-118.018611,49,2338.78053893
p_914840,34.1202,-118.018616,50,2356.86712481
p_914840,34.121058,-118.018638,51,2452.06204126
p_914840,34.121749,-118.018652,52,2528.72180712
p_914840,34.121966,-118.018656,53,2552.79527128
p_914840,34.121939,-118.019819,54,2660.126785
p_914840,34.121936,-118.020148,55,2690.47970479
p_914840,34.12193,-118.020894,56,2759.30334382
p_914840,34.121928,-118.021056,57,2774.24990819
p_914840,34.121922,-118.021764,58,2839.56812824
p_914840,34.1219,-118.023333,59,2984.33302605
p_914840,34.121892,-118.023865,60,3033.41943926
p_914840,34.121868,-118.024873,61,3126.4481924
p_914840,34.121866,-118.025076,62,3145.17679366
p_914840,34.121854,-118.026626,63,3288.17460312
p_914840,34.12184,-118.027693,64,3386.62044956
p_914840,34.121836,-118.027992,65,3414.20756867
p_914840,34.122899,-118.028013,66,3532.13633021
p_914840,34.12315,-118.028018,67,3559.98222787
p_914840,34.123715,-118.028029,68,3622.66285143
p_914840,34.123787,-118.028031,69,3630.65155514
p_914840,34.124248,-118.02804,70,3681.79454824
p_914840,34.124686,-118.028049,71,3730.38663224
p_914840,34.1254,-118.028063,72,3809.59735912
p_914840,34.125638,-118.028067,73,3836.00000566
p_914840,34.125672,-118.028068,74,3839.77257204
p_914840,34.125931,-118.028073,75,3868.50576136
p_914840,34.12611,-118.028077,76,3888.36470462
p_914840,34.126428,-118.028083,77,3923.64309142
p_914840,34.126562,-118.028086,78,3938.50957362
p_914840,34.126657,-118.028087,79,3949.0478215
p_914840,34.126988,-118.028094,80,3985.76956802
p_914840,34.127159,-118.028097,81,4004.73970756
p_914840,34.12754,-118.028105,82,4047.00845647
p_914840,34.128608,-118.028124,83,4165.48900186
p_914840,34.129102,-118.028136,84,4220.29699076
p_914840,34.129658,-118.028149,85,4281.98279507
p_914840,34.129962,-118.028153,86,4315.70593246
p_914840,34.130063,-118.028175,87,4327.09164509
p_914840,34.130185,-118.028176,88,4340.62477757
p_914840,34.130235,-118.028177,89,4346.17178161
p_914840,34.130418,-118.02818,90,4366.47289561
p_914840,34.130513,-118.028182,91,4377.01236114
p_914840,34.130996,-118.02819,92,4430.59409719
p_914840,34.131383,-118.028197,93,4473.5268343
p_914840,34.132358,-118.028214,94,4581.68985274
p_914840,34.132662,-118.02822,95,4615.41552778
p_914840,34.132928,-118.028224,96,4644.92382788
p_914840,34.133209,-118.028229,97,4676.09710626
p_914840,34.133412,-118.028232,98,4698.61654013
p_914840,34.133507,-118.028234,99,4709.15601069
p_914840,34.133736,-118.028238,100,4734.56046972
p_914840,34.134024,-118.028243,101,4766.51014289
p_914840,34.134313,-118.028248,102,4798.57073084
p_914840,34.134591,-118.028253,103,4829.41127851
p_914840,34.135133,-118.028263,104,4889.5396085
p_914840,34.135684,-118.028272,105,4950.66482945
p_914840,34.135883,-118.028276,106,4972.74195593
p_914840,34.1388397769119,-118.028315426349,107,5300.7422086
p_914840,34.142289,-118.028396,108,5683.4191952
p_914840,34.14231,-118.028398,109,5685.75591141
p_914840,34.142398,-118.028399,110,5695.51774359
p_914840,34.142549,-118.028406,111,5712.27985071
p_914840,34.142716,-118.028411,112,5730.81005893
p_914840,34.142841,-118.028414,113,5744.67844028
p_914840,34.143394,-118.028424,114,5806.02688388
p_914840,34.143938,-118.028438,115,5866.38388779
p_914840,34.144481,-118.028439,116,5926.61622984
p_914840,34.145019,-118.02845,117,5986.30250413
p_914840,34.145234,-118.028458,118,6010.16279161
p_914840,34.145555,-118.028469,119,6045.78417079
p_914840,34.145788,-118.028466,120,6071.63118134
p_914840,34.14624,-118.028461,121,6121.77141366
p_914840,34.146887,-118.028473,122,6193.54844451
p_914840,34.147361,-118.028473,123,6246.1269164
p_914840,34.148254,-118.028489,124,6345.19398368
p_914840,34.148732,-118.028499,125,6398.22418743
p_914840,34.149328,-118.028517,126,6464.35637325
p_914840,34.149635,-118.028533,127,6498.44232865
p_914840,34.150229,-118.028535,128,6564.33209444
p_914840,34.150398,-118.028538,129,6583.08047845
p_914840,34.150424,-118.028539,130,6585.96600528
p_914840,34.150569,-118.028541,131,6602.05120333
p_914840,34.150673,-118.028543,132,6613.58888907
p_914840,34.150697,-118.028544,133,6616.25268857
p_914840,34.150799,-118.028546,134,6627.56855323
p_914840,34.150895,-118.028544,135,6638.21896133
p_914840,34.151016,-118.028541,136,6651.6437514
p_914840,34.151136,-118.028546,137,6664.96274965
p_914840,34.151305,-118.028552,138,6683.71725928
p_914840,34.15149,-118.028558,139,6704.24586557
p_914840,34.151516,-118.028559,140,6707.13139287
p_914840,34.152139,-118.02858,141,6776.26488011
p_914840,34.152436,-118.028692,142,6810.79077633
p_914840,34.152836,-118.028728,143,6855.28486316
p_914840,34.152837,-118.028343,144,6890.78935144
p_914840,34.152838,-118.028207,145,6903.33162582
p_914840,34.152842,-118.027988,146,6923.5324594
p_914840,34.15285,-118.027422,147,6975.73595052
p_914840,34.15286,-118.0265,148,7060.76908535
p_914840,34.152873,-118.025671,149,7137.23220821
p_914841,34.152873,-118.025671,1,0
p_914841,34.152876,-118.025467,2,18.81561056
p_914841,34.152045,-118.02544,3,111.02802687
p_914841,34.151971,-118.025438,4,119.2385587
p_914841,34.151818,-118.025433,5,136.21636664
p_914841,34.1510811268185,-118.02541228447,6,217.97643814
p_914841,34.1510811268185,-118.025778427216,7,251.74245458
p_914841,34.1510659765591,-118.025741812941,8,255.51414782
p_914841,34.151065,-118.025903,9,270.37936216
p_914841,34.15106,-118.02636,10,312.52797556
p_914841,34.151056,-118.026595,11,334.20443639
p_914841,34.151053,-118.026712,12,344.99941643
p_914841,34.151051,-118.026847,13,357.45121974
p_914841,34.151047,-118.027026,14,373.96473045
p_914841,34.151045,-118.027167,15,386.96977622
p_914841,34.15104,-118.027374,16,406.06756807
p_914841,34.15104,-118.027443,17,412.4308138
p_914841,34.151037,-118.02758,18,425.06946626
p_914841,34.151037,-118.027604,19,427.2827692
p_914841,34.151036,-118.027626,20,429.31466032
p_914841,34.151031,-118.027833,21,448.41245419
p_914841,34.151022,-118.027928,22,457.23014287
p_914841,34.151016,-118.028012,23,465.00524283
p_914841,34.15105,-118.028062,24,470.96222435
p_914841,34.151047,-118.028425,25,504.44008073
p_914841,34.151038,-118.028465,26,508.26162239
p_914841,34.151016,-118.028541,27,515.6831119
p_914841,34.150895,-118.028544,28,529.10790197
p_914841,34.150799,-118.028546,29,539.75831007
p_914841,34.150708,-118.028544,30,549.85418019
p_914841,34.150697,-118.028544,31,551.07435641
p_914841,34.150673,-118.028543,32,553.73815591
p_914841,34.150569,-118.028541,33,565.27584165
p_914841,34.150424,-118.028539,34,581.3610397
p_914841,34.150398,-118.028538,35,584.24656653
p_914841,34.150229,-118.028535,36,602.99495054
p_914841,34.149635,-118.028533,37,668.88471633
p_914841,34.149328,-118.028517,38,702.97067173
p_914841,34.148732,-118.028499,39,769.10285755
p_914841,34.148254,-118.028489,40,822.1330613
p_914841,34.147361,-118.028473,41,921.20012858
p_914841,34.146887,-118.028473,42,973.77860047
p_914841,34.14624,-118.028461,43,1045.55563132
p_914841,34.145743,-118.028467,44,1100.68814616
p_914841,34.145555,-118.028469,45,1121.54286556
p_914841,34.145234,-118.028458,46,1157.16424474
p_914841,34.145019,-118.02845,47,1181.02453222
p_914841,34.144481,-118.028439,48,1240.71080651
p_914841,34.143938,-118.028438,49,1300.94314856
p_914841,34.143394,-118.028424,50,1361.30015247
p_914841,34.142841,-118.028414,51,1422.64859607
p_914841,34.142832,-118.028414,52,1423.64692079
p_914841,34.142716,-118.028411,53,1436.51719155
p_914841,34.142549,-118.028406,54,1455.04739977
p_914841,34.142398,-118.028399,55,1471.80950689
p_914841,34.14231,-118.028398,56,1481.57133907
p_914841,34.142289,-118.028396,57,1483.90805528
p_914841,34.142143,-118.028389,58,1500.11596261
p_914841,34.141272,-118.028378,59,1596.73691906
p_914841,34.141211,-118.028377,60,1603.50396895
p_914841,34.141123,-118.028371,61,1613.28103726
p_914841,34.140641,-118.028361,62,1666.75480978
p_914841,34.140206,-118.028353,63,1715.01279335
p_914841,34.140137,-118.028351,64,1722.66883544
p_914841,34.140056,-118.028349,65,1731.65564728
p_914841,34.13999,-118.028349,66,1738.97669185
p_914841,34.139688,-118.028345,67,1772.47804747
p_914841,34.139633,-118.028345,68,1778.57891758
p_914841,34.139538,-118.028344,69,1789.11718764
p_914841,34.138992,-118.028339,70,1849.68394094
p_914841,34.138432,-118.028321,71,1911.82406381
p_914841,34.13789,-118.028312,72,1971.95108148
p_914841,34.13733,-118.028301,73,2034.07729618
p_914841,34.136784,-118.028292,74,2094.64796065
p_914841,34.136652,-118.02829,75,2109.29120391
p_914841,34.136226,-118.028282,76,2156.55095215
p_914841,34.135684,-118.028272,77,2216.67929268
p_914841,34.135133,-118.028263,78,2277.80451363
p_914841,34.134591,-118.028253,79,2337.93284362
p_914841,34.134313,-118.028248,80,2368.77339129
p_914841,34.134024,-118.028243,81,2400.83397924
p_914841,34.133736,-118.028238,82,2432.78365241
p_914841,34.133507,-118.028234,83,2458.18811144
p_914841,34.133388,-118.028232,84,2471.38945154
p_914841,34.133209,-118.028229,85,2491.24691821
p_914841,34.132928,-118.028224,86,2522.42019659
p_914841,34.132662,-118.02822,87,2551.92849669
p_914841,34.132358,-118.028214,88,2585.65417173
p_914841,34.131383,-118.028197,89,2693.81719017
p_914841,34.130996,-118.02819,90,2736.74992728
p_914841,34.130513,-118.028182,91,2790.33166333
p_914841,34.130418,-118.02818,92,2800.87112886
p_914841,34.130235,-118.028177,93,2821.17224286
p_914841,34.130063,-118.028175,94,2840.2521899
p_914841,34.129962,-118.028153,95,2851.63790253
p_914841,34.129658,-118.028149,96,2885.36103992
p_914841,34.12947,-118.028145,97,2906.21815285
p_914841,34.129102,-118.028136,98,2947.04689247
p_914841,34.128608,-118.028124,99,3001.85488137
p_914841,34.12754,-118.028105,100,3120.33542676
p_914841,34.127159,-118.028097,101,3162.60417567
p_914841,34.126988,-118.028094,102,3181.57431521
p_914841,34.126657,-118.028087,103,3218.29606173
p_914841,34.126562,-118.028086,104,3228.83430961
p_914841,34.126428,-118.028083,105,3243.70079181
p_914841,34.12611,-118.028077,106,3278.97917861
p_914841,34.125931,-118.028073,107,3298.83812187
p_914841,34.125672,-118.028068,108,3327.57131119
p_914841,34.125638,-118.028067,109,3331.34387757
p_914841,34.1254,-118.028063,110,3357.74652411
p_914841,34.124686,-118.028049,111,3436.95725099
p_914841,34.1244,-118.028043,112,3468.68652542
p_914841,34.124248,-118.02804,113,3485.54934087
p_914841,34.123787,-118.028031,114,3536.69233397
p_914841,34.123715,-118.028029,115,3544.68103768
p_914841,34.12315,-118.028018,116,3607.36166124
p_914841,34.122899,-118.028013,117,3635.2075589
p_914841,34.121836,-118.027992,118,3753.13632044
p_914841,34.121839,-118.02777,119,3773.61911849
p_914841,34.121854,-118.026626,120,3879.16928696
p_914841,34.121868,-118.024873,121,4040.89564403
p_914841,34.121871,-118.024743,122,4052.89310371
p_914841,34.121892,-118.023865,123,4133.92440256
p_914841,34.1219,-118.023333,124,4183.01081577
p_914841,34.121922,-118.021764,125,4327.77571358
p_914841,34.121928,-118.021056,126,4393.09393363
p_914841,34.12193,-118.020894,127,4408.040498
p_914841,34.121936,-118.020148,128,4476.86413703
p_914841,34.121939,-118.019819,129,4507.21705682
p_914841,34.121966,-118.018656,130,4614.54857054
p_914841,34.121058,-118.018638,131,4715.28177941
p_914841,34.1202,-118.018616,132,4810.47669586
p_914841,34.120037,-118.018611,133,4828.56328174
p_914841,34.119477,-118.018605,134,4890.68349646
p_914841,34.119345,-118.018604,135,4905.32582699
p_914841,34.118567,-118.018589,136,4991.63621077
p_914841,34.117994,-118.018573,137,5055.21310128
p_914841,34.116475,-118.018551,138,5223.719649
p_914841,34.115474,-118.018527,139,5334.77713124
p_914841,34.115399,-118.018526,140,5343.09697825
p_914841,34.115075,-118.018522,141,5379.03840092
p_914841,34.114411,-118.018515,142,5452.69507385
p_914841,34.114335,-118.018515,143,5461.12533232
p_914841,34.114257,-118.018513,144,5469.77940699
p_914841,34.113968,-118.018506,145,5501.8430775
p_914841,34.112788,-118.018479,146,5632.75761388
p_914841,34.112083,-118.018466,147,5710.96852639
p_914841,34.111808,-118.018459,148,5741.47957526
p_914841,34.110163,-118.018431,149,5923.9684874
p_914841,34.109745,-118.018422,150,5970.34231082
p_914841,34.109572,-118.018416,151,5989.54020999
p_914841,34.109262,-118.018404,152,6023.94458314
p_914841,34.109171,-118.018361,153,6034.79040669
p_914841,34.109133,-118.018623,154,6059.3289561
p_914841,34.109116,-118.018736,155,6069.92422583
p_914841,34.109083,-118.018966,156,6091.45891289
p_914841,34.10905,-118.019189,157,6112.35742976
p_914841,34.10898,-118.019668,158,6157.23003541
p_914841,34.108899,-118.020231,159,6209.94748699
p_914841,34.108875,-118.020396,160,6225.40251123
p_914841,34.108733,-118.021367,161,6316.36770248
p_914841,34.108719,-118.021463,162,6325.36042878
p_914841,34.108694,-118.021635,163,6341.47080662
p_914841,34.108609,-118.022264,164,6400.26764616
p_914841,34.108587,-118.022436,165,6416.32410975
p_914841,34.108497,-118.02309,166,6477.48704582
p_914841,34.108432,-118.023525,167,6518.26574598
p_914841,34.108409,-118.023683,168,6533.06552884
p_914841,34.1084,-118.023743,169,6538.69085854
p_914841,34.108386,-118.023836,170,6547.4111067
p_914841,34.108359,-118.02402,171,6564.65043713
p_914841,34.108335,-118.024178,172,6579.46975689
p_914841,34.108315,-118.024311,173,6591.94023448
p_914841,34.108273,-118.024598,174,6618.82766988
p_914841,34.108198,-118.025122,175,6667.8863499
p_914841,34.10817,-118.025312,176,6685.69017958
p_914841,34.107939,-118.026921,177,6836.34386412
p_914841,34.107909,-118.02713,178,6855.91284934
p_914841,34.10788,-118.027331,179,6874.73559365
p_914841,34.107862,-118.027459,180,6886.71346371
p_914841,34.107768,-118.028111,181,6947.76906136
p_914841,34.107694,-118.028633,182,6996.62741275
p_914841,34.10761,-118.029229,183,7052.40298063
p_914841,34.107491,-118.030046,184,7128.93306315
p_914841,34.107456,-118.030281,185,7150.96093367
p_914841,34.107429,-118.030469,186,7168.56402484
p_914841,34.10739,-118.030736,187,7193.5766187
p_914841,34.107367,-118.030881,188,7207.19661458
p_914841,34.107346,-118.031012,189,7219.50618843
p_914841,34.107319,-118.031251,190,7241.76078971
p_914841,34.107305,-118.031531,191,7267.64258706
p_914841,34.10731,-118.031728,192,7285.82793224
p_914841,34.107344,-118.031972,193,7308.65513646
p_914841,34.107432,-118.032372,194,7346.83151727
p_914841,34.107476,-118.032654,195,7373.30496866
p_914842,34.142278,-118.029244,1,0
p_914842,34.1423115697654,-118.028401888472,2,77.75754405
p_914842,34.1412072812998,-118.028361557465,3,200.30715233
p_914842,34.1411928379794,-118.031572514979,4,496.46338104
p_914842,34.142237,-118.031563,5,612.29032376
p_914842,34.142231,-118.031679,6,623.00974567
p_914842,34.142186,-118.031924,7,646.15099502
p_914842,34.142042,-118.032691,8,718.67284913
p_914842,34.141974,-118.033004,9,748.51024197
p_914842,34.141876,-118.033279,10,776.10512096
p_914842,34.141773,-118.033489,11,798.59235519
p_914842,34.141614,-118.033717,12,826.03815722
p_914842,34.14151,-118.033843,13,842.41297395
p_914842,34.140589,-118.034727,14,973.12128984
p_914842,34.140521,-118.034802,15,983.35584152
p_914842,34.140063,-118.035222,16,1047.24337612
p_914842,34.140062,-118.035502,17,1073.06882116
p_914842,34.140063,-118.035586,18,1080.81717725
p_914842,34.140062,-118.035876,19,1107.5649429
p_914842,34.140067,-118.035975,20,1116.71282652
p_914842,34.140063,-118.036345,21,1150.84187599
p_914842,34.140014,-118.036639,22,1178.49772386
p_914842,34.139995,-118.036719,23,1186.17145363
p_914842,34.139949,-118.036848,24,1199.11748298
p_914842,34.139874,-118.037121,25,1225.63587719
p_914842,34.139792,-118.037385,26,1251.62885271
p_914842,34.13967,-118.037721,27,1285.44513168
p_914842,34.139418,-118.038125,28,1332.02682758
p_914842,34.139234,-118.038286,29,1357.26740695
p_914842,34.139076,-118.03848,30,1382.31412513
p_914842,34.138536,-118.039029,31,1460.74886714
p_914842,34.138308,-118.039243,32,1492.83041311
p_914842,34.138178,-118.039051,33,1515.66799505
p_914842,34.1380864225588,-118.038914307133,34,1531.85896779
p_914842,34.1381306949432,-118.038926193637,35,1536.89076814
p_914842,34.1382241587894,-118.039047039757,36,1552.11321462
p_914842,34.1383376592024,-118.0392191533,37,1572.37450359
p_914842,34.137634,-118.039871,38,1670.89919739
p_914842,34.137106,-118.040375,39,1745.67403493
p_914842,34.136777,-118.04069,40,1792.32156541
p_914842,34.136515,-118.040931,41,1828.91046113
p_914842,34.136349,-118.041085,42,1852.16610399
p_914842,34.135687,-118.041698,43,1944.84420574
p_914842,34.13515,-118.042196,44,2020.0649561
p_914842,34.134922,-118.042403,45,2051.75380504
p_914842,34.134824,-118.042492,46,2065.37592256
p_914842,34.134759,-118.042551,47,2074.40930223
p_914842,34.134733,-118.042574,48,2077.98958628
p_914842,34.13461,-118.042697,49,2095.73414314
p_914842,34.134443,-118.04286,50,2119.59214959
p_914842,34.133987,-118.043286,51,2183.64307864
p_914842,34.133769,-118.043491,52,2214.3400639
p_914842,34.133515,-118.043709,53,2248.954631
p_914842,34.133387,-118.04383,54,2267.01460937
p_914842,34.133119,-118.044088,55,2305.09464618
p_914842,34.133028,-118.044173,56,2317.87605812
p_914842,34.132687,-118.044492,57,2365.79865563
p_914842,34.132618,-118.044557,58,2375.52124556
p_914842,34.13251,-118.044668,59,2391.2803549
p_914842,34.132416,-118.044779,60,2405.89381417
p_914842,34.132348,-118.044868,61,2417.04237896
p_914842,34.132269,-118.044991,62,2431.37819578
p_914842,34.132191,-118.045121,63,2446.16510255
p_914842,34.132093,-118.04531,64,2466.71023308
p_914842,34.132041,-118.045415,65,2477.98308231
p_914842,34.131989,-118.045532,66,2490.22007271
p_914842,34.131926,-118.045728,67,2509.60304019
p_914842,34.131895,-118.045845,68,2520.92990279
p_914842,34.131874,-118.045939,69,2529.90808123
p_914842,34.131833,-118.046138,70,2548.81920521
p_914842,34.131792,-118.046348,71,2568.71671603
p_914842,34.131773,-118.04648,72,2581.07370072
p_914842,34.13177,-118.046497,73,2582.67673357
p_914842,34.131756,-118.046636,74,2595.59206096
p_914842,34.13175,-118.04677,75,2607.97038208
p_914842,34.131749,-118.046945,76,2624.11309793
p_914842,34.131754,-118.047118,77,2640.08058369
p_914842,34.131768,-118.047452,78,2670.92849244
p_914842,34.13183,-118.048875,79,2802.36870228
p_914842,34.131844,-118.049647,80,2873.59631672
p_914842,34.131963,-118.051766,81,3069.50178881
p_914842,34.131969,-118.052142,82,3104.19104479
p_914842,34.131969,-118.052515,83,3138.59718932
p_914842,34.131947,-118.053073,84,3190.12586882
p_914842,34.131944,-118.053104,85,3193.00465975
p_914842,34.131893,-118.053761,86,3253.8709461
p_914842,34.131836,-118.054439,87,3316.72967503
p_914842,34.132544,-118.054391,88,3395.38912545
p_914842,34.133738,-118.054309,89,3528.04912943
p_914842,34.133842,-118.054302,90,3539.60336424
p_914842,34.134093,-118.054279,91,3567.52620122
p_914842,34.13434,-118.054264,92,3594.95954248
p_914842,34.136156,-118.054156,93,3796.64520223
p_914842,34.136473,-118.05414,94,3831.83933555
p_914842,34.136642,-118.054132,95,3850.60015293
p_914842,34.136738,-118.054127,96,3861.25892112
p_914842,34.137229,-118.054078,97,3915.91023009
p_914842,34.137606,-118.053967,98,3958.96393816
p_914842,34.137853,-118.053862,99,3988.02367892
p_914842,34.138051,-118.053752,100,4012.21701638
p_914842,34.138309,-118.05358,101,4044.9386429
p_914842,34.138452,-118.053471,102,4063.71857359
p_914842,34.138678,-118.053297,103,4093.48466439
p_914842,34.138818,-118.053186,104,4112.08524845
p_914842,34.138926,-118.0531,105,4126.45314903
p_914842,34.139083,-118.052962,106,4148.02394032
p_914842,34.139588,-118.052576,107,4214.39734896
p_914842,34.14,-118.052267,108,4268.2567972
p_914842,34.140312,-118.05207,109,4307.34512276
p_914842,34.140639,-118.051941,110,4345.51910216
p_914842,34.140859,-118.051881,111,4370.54218011
p_914842,34.141094,-118.051838,112,4396.9095116
p_914842,34.141506,-118.051769,113,4443.05155861
p_914842,34.141811,-118.051692,114,4477.62101237
p_914842,34.142103,-118.051538,115,4512.98848928
p_914842,34.142189,-118.051481,116,4523.8807121
p_914842,34.142687,-118.051151,117,4586.95112775
p_914842,34.142739,-118.051261,118,4598.62152076
p_914842,34.142796,-118.051387,119,4611.85117817
p_914842,34.142839,-118.051435,120,4618.358818
p_914842,34.142885,-118.051474,121,4624.60174601
p_914842,34.142925,-118.051484,122,4629.13358799
p_914842,34.142983,-118.051476,123,4635.60940727
p_914842,34.143019,-118.051462,124,4639.80627212
p_914842,34.14306,-118.051415,125,4646.08910948
p_914842,34.143087,-118.05135,126,4652.79052667
p_914842,34.143113,-118.051291,127,4658.94911056
p_914842,34.143148,-118.051237,128,4665.26394775
p_914842,34.143201,-118.051175,129,4673.46523193
p_914842,34.143307,-118.051109,130,4686.70551024
p_914842,34.143501,-118.051011,131,4710.04604215
p_914842,34.14366,-118.051384,132,4748.70513317
p_914842,34.1437585318284,-118.051628659594,133,4773.77747437
p_914842,34.1435905295205,-118.051756632418,134,4795.83634245
p_914842,34.143307,-118.051109,135,4863.34101968
p_914842,34.143201,-118.051175,136,4876.58129799
p_914842,34.143148,-118.051237,137,4884.78258217
p_914842,34.143113,-118.051291,138,4891.09741936
p_914842,34.143087,-118.05135,139,4897.25600325
p_914842,34.14306,-118.051415,140,4903.95742044
p_914842,34.143019,-118.051462,141,4910.24025779999
p_914842,34.142983,-118.051476,142,4914.43712264999
p_914842,34.142925,-118.051484,143,4920.91294192999
p_914842,34.142885,-118.051474,144,4925.44478390999
p_914842,34.142839,-118.051435,145,4931.68771191999
p_914842,34.142796,-118.051387,146,4938.19535174999
p_914842,34.142739,-118.051261,147,4951.42500915999
p_914842,34.142149,-118.051652,148,5026.14859513999
p_914842,34.141843,-118.051813,149,5063.19757757999
p_914842,34.141524,-118.051894,150,5099.36267153999
p_914842,34.141109,-118.051964,151,5145.84705597999
p_914842,34.140879,-118.052006,152,5171.65220086999
p_914842,34.140667,-118.052063,153,5195.74877206999
p_914842,34.140353,-118.052187,154,5232.40882420999
p_914842,34.140052,-118.052377,155,5270.11669568999
p_914842,34.139643,-118.052684,156,5323.59615938999
p_914842,34.139539,-118.052764,157,5337.29026349999
p_914842,34.139141,-118.053068,158,5389.58981686999
p_914842,34.138982,-118.0532,159,5411.02095434999
p_914842,34.13887,-118.053292,160,5426.06588437999
p_914842,34.138736,-118.053403,161,5444.11452070999
p_914842,34.138363,-118.05369,162,5493.23294411999
p_914842,34.138059,-118.053924,163,5533.26969407999
p_914842,34.13791,-118.053987,164,5550.78922513999
p_914842,34.137672,-118.054085,165,5578.69390324999
p_914842,34.137643,-118.054097,166,5582.09581496999
p_914842,34.137536,-118.054126,167,5594.26244843999
p_914842,34.137521,-118.05413,168,5595.96673487999
p_914842,34.137245,-118.054204,169,5627.33361461999
p_914842,34.136982,-118.05423,170,5656.60525566999
p_914842,34.136744,-118.054253,171,5683.09047151999
p_914842,34.136648,-118.054258,172,5693.74923971999
p_914842,34.136591,-118.054261,173,5700.07800863999
p_914842,34.136161,-118.054282,174,5747.81500834999
p_914842,34.136045,-118.054289,175,5760.69847949999
p_914842,34.135774,-118.054305,176,5790.79531666999
p_914842,34.135347,-118.054331,177,5838.22089559999
p_914842,34.135094,-118.054345,178,5866.31457173999
p_914842,34.134952,-118.054353,179,5882.08317218999
p_914842,34.134892,-118.054357,180,5888.74888052999
p_914842,34.134556,-118.054377,181,5926.06524768999
p_914842,34.134259,-118.054394,182,5959.04721439999
p_914842,34.1340554342966,-118.054403931306,183,5981.64627555999
p_914842,34.1340639086072,-118.054409050332,184,5982.69821248999
p_914842,34.133721,-118.054432,185,6020.79414268999
p_914842,34.133136,-118.054475,186,6085.80625322999
p_914842,34.132876,-118.054494,187,6114.69989965999
p_914842,34.13285,-118.054496,188,6117.58983841999
p_914842,34.132581,-118.054516,189,6147.48558030999
p_914842,34.132559,-118.054518,190,6149.93288870999
p_914842,34.132298,-118.054537,191,6178.93725446999
p_914842,34.131825,-118.054572,192,6231.50390609999
p_914842,34.131758,-118.054558,193,6239.04722765999
p_914842,34.131574,-118.054525,194,6259.68312747999
p_914842,34.1316208115412,-118.054023027807,195,6306.27633095999
p_914842,34.1316208115412,-118.054012839561,196,6307.21611560999
p_914842,34.131637,-118.053727,197,6333.64361884999
p_914842,34.131643,-118.053501,198,6354.50093941999
p_914842,34.131647,-118.053432,199,6360.88108616999
p_914842,34.131658,-118.05322,200,6380.47442396999
p_914842,34.131663,-118.053118,201,6389.89944175999
p_914842,34.131683,-118.052724,202,6426.31043662999
p_914842,34.131689,-118.052451,203,6451.50129115999
p_914842,34.131689,-118.052408,204,6455.46769623999
p_914842,34.131685,-118.052024,205,6490.89139569999
p_914842,34.131681,-118.051922,206,6500.31053444999
p_914842,34.131671,-118.051695,207,6521.27882759999
p_914842,34.131656,-118.051348,208,6553.33002110999
p_914842,34.13163,-118.05085,209,6599.35699705999
p_914842,34.131634,-118.050502,210,6631.46029344999
p_914842,34.131622,-118.05023,211,6656.58541432999
p_914842,34.131594,-118.04959,212,6715.70198269999
p_914842,34.131572,-118.049122,213,6758.94020341999
p_914842,34.13154,-118.048421,214,6823.69928541999
p_914842,34.13153,-118.048204,215,6843.74654282999
p_914842,34.131501,-118.047493,216,6909.40956651999
p_914842,34.131489,-118.047169,217,6939.32566365999
p_914842,34.131486,-118.047112,218,6944.59398926999
p_914842,34.131504,-118.046922,219,6962.23337217999
p_914842,34.13151,-118.046707,220,6982.07660456999
p_914842,34.131516,-118.046529,221,6998.50919424999
p_914842,34.131542,-118.045949,222,7052.08732114999
p_914842,34.131573,-118.04568,223,7077.13758836999
p_914842,34.131598,-118.045444,224,7099.08264159999
p_914842,34.131623,-118.045262,225,7116.09819333999
p_914842,34.131649,-118.045082,226,7132.95037805999
p_914842,34.13167,-118.044954,227,7144.98494959999
p_914842,34.131701,-118.044789,228,7160.58849458999
p_914842,34.131744,-118.044598,229,7178.84094688999
p_914842,34.131799,-118.044369,230,7200.82772093999
p_914842,34.131838,-118.044213,231,7215.85366788999
p_914842,34.131885,-118.044054,232,7231.41916856999
p_914842,34.131904,-118.043994,233,7237.34138125999
p_914842,34.131927,-118.043919,234,7244.71494884999
p_914842,34.131976,-118.043772,235,7259.32328416999
p_914842,34.132027,-118.043627,236,7273.84551299999
p_914842,34.132045,-118.043581,237,7278.53492751999
p_914842,34.132102,-118.04344,238,7292.99640347999
p_914842,34.132105,-118.043434,239,7293.64219348999
p_914842,34.132178,-118.043268,240,7310.96355741999
p_914842,34.13227,-118.043071,241,7331.80460027999
p_914842,34.132478,-118.04268,242,7374.61947096999
p_914842,34.13254,-118.042566,243,7387.18422964999
p_914842,34.132608,-118.042452,244,7400.12526330999
p_914842,34.132695,-118.042314,245,7416.09915071999
p_914842,34.132784,-118.042187,246,7431.41887518999
p_914842,34.132884,-118.042047,247,7448.44258824999
p_914842,34.13308,-118.041797,248,7480.13568773999
p_914842,34.13321,-118.041645,249,7500.24833016999
p_914842,34.133377,-118.041465,250,7525.12447474999
p_914842,34.133696,-118.041156,251,7570.56093199999
p_914842,34.133843,-118.041126,252,7587.10001396999
p_914842,34.133878,-118.041113,253,7591.16334509999
p_914842,34.133909,-118.041097,254,7594.90534036999
p_914842,34.133948,-118.041065,255,7600.14243774999
p_914842,34.133951,-118.041061,256,7600.63929677999
p_914842,34.13398,-118.041028,257,7605.06798471999
p_914842,34.134018,-118.040979,258,7611.24822933999
p_914842,34.134055,-118.040915,259,7618.43807163999
p_914842,34.134142,-118.040742,260,7637.08667120999
p_914842,34.134849,-118.040085,261,7736.19660020999
p_914842,34.135353,-118.039611,262,7807.16852572999
p_914842,34.135582,-118.039397,263,7839.33800141999
p_914842,34.135714,-118.039381,264,7854.05426663999
p_914842,34.135776,-118.039357,265,7861.27910450999
p_914842,34.135896,-118.039253,266,7877.68648260999
p_914842,34.13594,-118.039214,267,7883.74960311999
p_914842,34.135984,-118.039146,268,7891.69698581999
p_914842,34.136026,-118.038982,269,7907.52507465999
p_914842,34.136927,-118.03816,270,8032.97277948999
p_914842,34.137093,-118.037999,271,8056.62825062999
p_914842,34.137319,-118.037791,272,8088.19600695999
p_914842,34.138494,-118.036669,273,8254.62140733999
p_914842,34.138514,-118.03665,274,8257.44856806999
p_914842,34.139223,-118.035975,275,8357.75420920999
p_914842,34.139371,-118.035834,276,8378.69801398999
p_914842,34.139955,-118.035318,277,8459.08149024999
p_914842,34.139966,-118.034018,278,8578.99058858999
p_914842,34.139977,-118.033823,279,8597.01736198999
p_914842,34.139984,-118.033555,280,8621.74799070999
p_914842,34.139982,-118.03346,281,8630.51293072999
p_914842,34.140005,-118.032158,282,8750.62733810999
p_914842,34.140013,-118.031623,283,8799.97993953999
p_914842,34.140013,-118.031517,284,8809.75663067999
p_914842,34.140015,-118.031368,285,8823.50112842999
p_914842,34.140105,-118.031366,286,8833.48607516999
p_914842,34.140179,-118.031367,287,8841.69503739999
p_914842,34.140589,-118.031369,288,8887.17463041999
p_914842,34.140937,-118.031375,289,8925.78047291999
p_914842,34.141171,-118.031382,290,8951.74493616999
p_914842,34.14126,-118.031383,291,8961.61768658999
p_914842,34.141331,-118.031383,292,8969.49335737999
p_914842,34.141491,-118.031389,293,8987.24997354999
p_914842,34.141858,-118.03139,294,9027.95953377999
p_914842,34.142168,-118.0314,295,9062.35863608999
p_914842,34.142243,-118.031402,296,9070.68005260999
p_914842,34.142245,-118.031321,297,9078.15401732999
p_914842,34.14226,-118.03046,298,9157.58190905999
p_914842,34.142266,-118.030007,299,9199.36762194999
p_914842,34.142267,-118.02996,300,9203.70387383999
p_914842,34.142269,-118.02984,301,9214.77375530999
p_914842,34.142275,-118.029402,302,9255.17618806999
p_914842,34.142278,-118.029244,303,9269.75240237999
