shape_id,shape_pt_lat,shape_pt_lon,shape_pt_sequence,shape_dist_traveled
p_1425896,33.858559,-118.076931,1,0
p_1425896,33.858555,-118.077302,2,34.33432632
p_1425896,33.858552,-118.077627,3,64.41089707
p_1425896,33.858543,-118.078545,4,149.3663132
p_1425896,33.858491,-118.078628,5,158.97151508
p_1425896,33.858488,-118.078699,6,165.55011298
p_1425896,33.858483,-118.079054,7,198.40567897
p_1425896,33.858482,-118.079149,8,207.19746087
p_1425896,33.85848,-118.079283,9,219.59949806
p_1425896,33.858479,-118.07938,10,228.57634126
p_1425896,33.858477,-118.079618,11,250.60143393
p_1425896,33.858475,-118.080181,12,302.70063926
p_1425896,33.858473,-118.080896,13,368.86547827
p_1425896,33.85847,-118.081027,14,380.99248569
p_1425896,33.858465,-118.08142,15,417.36403948
p_1425896,33.858465,-118.081512,16,425.87751027
p_1425896,33.858464,-118.08195,17,466.40918625
p_1425896,33.858464,-118.082136,18,483.62120348
p_1425896,33.858513,-118.082334,19,502.73278946
p_1425896,33.858511,-118.082762,20,542.33953574
p_1425896,33.858507,-118.083375,21,599.06686775
p_1425896,33.858505,-118.084,22,656.90334428
p_1425896,33.858504,-118.084171,23,672.72767688
p_1425896,33.858504,-118.084492,24,702.4322734
p_1425896,33.858503,-118.084619,25,714.18508275
p_1425896,33.858503,-118.084744,26,725.75229337
p_1425896,33.8585,-118.085225,27,770.26416445
p_1425896,33.8585,-118.085287,28,776.00150112
p_1425896,33.858498,-118.085629,29,807.65016835
p_1425896,33.858496,-118.08587,30,829.95285531
p_1425896,33.858494,-118.086319,31,871.50287195
p_1425896,33.858493,-118.086463,32,884.82876169
p_1425896,33.858493,-118.086511,33,889.27057109
p_1425896,33.858492,-118.086621,34,899.450322
p_1425896,33.858491,-118.086748,35,911.20313299
p_1425896,33.858487,-118.087518,36,982.45854336
p_1425896,33.858484,-118.087978,37,1025.02718774
p_1425896,33.85848,-118.08861,38,1083.51270188
p_1425896,33.858478,-118.089024,39,1121.82395645
p_1425896,33.858484,-118.089155,40,1133.96465096
p_1425896,33.858502,-118.089503,41,1166.22960185
p_1425896,33.858496,-118.090268,42,1237.0240624
p_1425896,33.858495,-118.090389,43,1248.22167264
p_1425896,33.858495,-118.090461,44,1254.88438658
p_1425896,33.858493,-118.090656,45,1272.93060062
p_1425896,33.858492,-118.090698,46,1276.81876632
p_1425896,33.858491,-118.090777,47,1284.13008584
p_1425896,33.858594,-118.09078,48,1295.55820109
p_1425896,33.859204,-118.090797,49,1363.23758882
p_1425896,33.859524,-118.090806,50,1398.74170962
p_1425896,33.86032,-118.090811,51,1487.03512921
p_1425896,33.8605,-118.090812,52,1507.00091974
p_1425896,33.860664,-118.090814,53,1525.19271989
p_1425896,33.860922,-118.090815,54,1553.81019702
p_1425896,33.861316,-118.090818,55,1597.51351142
p_1425896,33.861853,-118.090823,56,1657.07928839
p_1425896,33.861925,-118.090824,57,1665.06605681
p_1425896,33.862089,-118.090826,58,1683.25786114
p_1425896,33.862358,-118.090828,59,1713.09588815
p_1425896,33.862374,-118.090829,60,1714.87301729
p_1425896,33.86287,-118.090839,61,1769.89707235
p_1425896,33.86312,-118.090836,62,1797.62844025
p_1425896,33.863445,-118.09084,63,1833.67931401
p_1425896,33.8636,-118.090842,64,1850.87289813
p_1425896,33.863856,-118.090846,65,1879.27081161
p_1425896,33.864254,-118.090851,66,1923.41936921
p_1425896,33.864702,-118.090855,67,1973.11288097
p_1425896,33.864834,-118.09087,68,1987.81995408
p_1425896,33.864916,-118.090884,69,1997.00717854
p_1425896,33.865109,-118.090915,70,2018.60604939
p_1425896,33.865467,-118.090926,71,2058.3284358
p_1425896,33.865547,-118.090929,72,2067.20637336
p_1425896,33.865684,-118.091021,73,2084.62436901
p_1425896,33.865696,-118.090345,74,2147.18876369
p_1425896,33.865693,-118.089667,75,2209.92493711
p_1425896,33.865697,-118.089327,76,2241.38824074
p_1425896,33.865701,-118.088771,77,2292.83679091
p_1425896,33.865708,-118.088381,78,2328.93181043
p_1425896,33.865715,-118.087631,79,2398.33358576
p_1425896,33.865721,-118.086577,80,2495.86237345
p_1425896,33.865731,-118.085556,81,2590.34190612
p_1425896,33.865732,-118.085487,82,2596.72743181
p_1425896,33.865732,-118.085241,83,2619.48978405
p_1425896,33.865734,-118.084385,84,2698.69567719
p_1425896,33.865739,-118.083891,85,2744.40880342
p_1425896,33.86574,-118.083757,86,2756.80830334
p_1425896,33.865742,-118.08353,87,2777.81375698
p_1425896,33.865745,-118.083243,88,2804.37191577
p_1425896,33.865746,-118.083143,89,2813.62556783
p_1425896,33.865748,-118.082972,90,2829.44973083
p_1425896,33.86575,-118.082762,91,2848.88226957
p_1425896,33.865755,-118.082213,92,2899.68419282
p_1425896,33.86587,-118.082153,93,2913.59579517
p_1425896,33.866264,-118.082154,94,2957.29836098
p_1425896,33.866837,-118.082164,95,3020.86224333
p_1425896,33.867957,-118.082174,96,3145.09608141
p_1425896,33.868393,-118.082178,97,3193.45862075
p_1425896,33.868457,-118.082178,98,3200.5575015
p_1425896,33.868786,-118.082177,99,3237.05030381
p_1425896,33.869057,-118.082177,100,3267.1096294
p_1425896,33.869282,-118.08218,101,3292.06817865
p_1425896,33.869292,-118.08218,102,3293.17737892
p_1425896,33.8694,-118.082182,103,3305.15817119
p_1425896,33.86987,-118.08219,104,3357.2958416
p_1425896,33.870041,-118.082193,105,3376.26519929
p_1425896,33.870364,-118.082199,106,3412.09667425
p_1425896,33.870951,-118.082208,107,3477.21206954
p_1425896,33.871155,-118.082211,108,3499.84146401
p_1425896,33.871201,-118.08221,109,3504.94462566
p_1425896,33.871536,-118.082214,110,3542.10469038
p_1425896,33.872001,-118.082221,111,3593.68659005
p_1425896,33.872094,-118.082222,112,3604.00257213
p_1425896,33.872475,-118.082233,113,3646.27537645
p_1425896,33.872899,-118.082236,114,3693.30631307
p_1425896,33.873005,-118.082233,115,3705.06711883
p_1425896,33.87311,-118.082233,116,3716.71372883
p_1425896,33.873303,-118.082237,117,3738.12450646
p_1425896,33.873452,-118.08224,118,3754.65393213
p_1425896,33.873837,-118.082249,119,3797.36629044
p_1425896,33.87388,-118.08225,120,3802.13675244
p_1425896,33.874472,-118.082256,121,3867.80380719
p_1425896,33.874573,-118.082258,122,3879.00826755
p_1425896,33.874845,-118.082261,123,3909.17981827
p_1425896,33.875104,-118.082264,124,3937.90947268
p_1425896,33.875233,-118.082265,125,3952.21846898
p_1425896,33.875276,-118.082266,126,3956.98893204
p_1425896,33.876024,-118.082274,127,4039.96049958
p_1425896,33.876765,-118.082282,128,4122.1556672
p_1425896,33.877223,-118.082292,129,4172.96552711
p_1425896,33.877625,-118.08228,130,4217.56925596
p_1425896,33.877853,-118.082284,131,4242.86176438
p_1425896,33.877983,-118.082283,132,4257.28168494
p_1425896,33.87806,-118.082282,133,4265.82304023
p_1425896,33.878363,-118.082287,134,4299.43504051
p_1425896,33.87857,-118.08229,135,4322.39719786
p_1425896,33.878816,-118.082294,136,4349.6860756
p_1425896,33.878899,-118.082295,137,4358.89291702
p_1425896,33.879635,-118.082306,138,4440.53653224
p_1425896,33.879948,-118.082312,139,4475.25899727
p_1425896,33.880381,-118.082315,140,4523.28825589
p_1425896,33.880382,-118.082236,141,4530.59770989
p_1425896,33.880383,-118.082051,142,4547.71317399
p_1425896,33.880384,-118.081858,143,4565.56873562
p_1425896,33.880378,-118.079765,144,4759.20185076
p_1425896,33.880385,-118.077065,145,5008.9910746
p_1425896,33.880395,-118.074913,146,5208.08444576
p_1425896,33.880394,-118.07483,147,5215.76391436
p_1425896,33.880393,-118.074258,148,5268.6820772
p_1425896,33.880396,-118.074057,149,5287.28038166
p_1425896,33.880387,-118.073483,150,5340.39284012
p_1425896,33.880388,-118.073171,151,5369.25744431
p_1425896,33.880388,-118.073165,152,5369.81252875
p_1425896,33.880392,-118.072721,153,5410.8911725
p_1425896,33.880264,-118.072782,154,5426.16941687
p_1425896,33.879913,-118.07277,155,5465.11823983
p_1425896,33.879819,-118.072766,156,5475.55130533
p_1425896,33.879317,-118.072749,157,5531.2554591
p_1425896,33.879261,-118.072747,158,5537.46974598
p_1425896,33.879025,-118.072739,159,5563.65737524
p_1425896,33.878802,-118.072737,160,5588.39327207
p_1425896,33.878228,-118.072731,161,5652.06388298
p_1425896,33.878013,-118.072725,162,5675.91818264
p_1425896,33.877718,-118.072714,163,5708.65545821
p_1425896,33.877389,-118.072719,164,5745.15112798
p_1425896,33.877338,-118.072721,165,5750.81108217
p_1425896,33.87582,-118.072694,166,5919.20641181
p_1425896,33.875665,-118.072673,167,5936.50846729
p_1425896,33.87558,-118.072612,168,5947.49674366
p_1425896,33.875235,-118.072612,169,5985.76419112
p_1425896,33.875128,-118.072669,170,5998.75154269
p_1425896,33.874656,-118.072667,171,6051.10617024
p_1425896,33.874492,-118.072588,172,6070.7105549
p_1425896,33.874111,-118.072576,173,6112.98570113
p_1425896,33.874083,-118.072622,174,6118.25437815
p_1425896,33.874065,-118.072643,175,6121.04028384
p_1425896,33.874056,-118.072653,176,6122.40137778
p_1425896,33.874051,-118.072657,177,6123.06811888
p_1425896,33.874045,-118.072658,178,6123.74003993
p_1425896,33.873832,-118.072654,179,6147.36892197
p_1425896,33.87368,-118.072625,180,6164.44094197
p_1425896,33.873569,-118.072626,181,6176.7534213
p_1425896,33.873327,-118.07262,182,6203.60182571
p_1425896,33.873273,-118.072617,183,6209.5979389
p_1425896,33.87317,-118.072569,184,6221.85551893
p_1425896,33.873168,-118.072839,185,6246.83740705
p_1425896,33.873167,-118.073122,186,6273.0213298
p_1425896,33.873163,-118.073857,187,6341.02634994
p_1425896,33.873163,-118.073872,188,6342.41417799
p_1425896,33.873147,-118.075935,189,6533.29506383
p_1425896,33.873146,-118.076503,190,6585.8476131
p_1425896,33.873146,-118.076777,191,6611.19861048
p_1425896,33.873143,-118.076922,192,6624.61841074
p_1425896,33.87313,-118.078191,193,6742.03755422
p_1425896,33.873123,-118.079596,194,6872.03315554
p_1425896,33.873121,-118.080058,195,6914.77885552
p_1425896,33.873117,-118.080821,196,6985.37447271
p_1425896,33.873117,-118.080872,197,6990.0930906
p_1425896,33.873115,-118.081371,198,7036.26206195
p_1425896,33.873114,-118.081533,199,7051.25102376
p_1425896,33.873112,-118.082013,200,7095.66210127
p_1425896,33.873111,-118.082119,201,7105.4700526
p_1425896,33.87311,-118.082233,202,7116.01813544
p_1425896,33.87311,-118.08237,203,7128.69363945
p_1425896,33.873005,-118.08237,204,7140.34024945
p_1425896,33.872786,-118.082366,205,7164.63456871
p_1425896,33.872499,-118.08236,206,7196.47347384
p_1425896,33.872265,-118.082356,207,7222.43141166
p_1425896,33.87209,-118.082353,208,7241.84441
p_1425896,33.871552,-118.082344,209,7301.5252188
p_1425896,33.871496,-118.082342,210,7307.73949834
p_1425896,33.871293,-118.082339,211,7330.25798237
p_1425896,33.8712,-118.082339,212,7340.57354819
p_1425896,33.870961,-118.082334,213,7367.08747868
p_1425896,33.870286,-118.082328,214,7441.96057143
p_1425896,33.869719,-118.082323,215,7504.85393568
p_1425896,33.869523,-118.082326,216,7526.59603416
p_1425896,33.86949,-118.082326,217,7530.25639519
p_1425896,33.869397,-118.082324,218,7540.57361768
p_1425896,33.868766,-118.082313,219,7610.57155238
p_1425896,33.868575,-118.082317,220,7631.76050803
p_1425896,33.868495,-118.082316,221,7640.63459151
p_1425896,33.868458,-118.082316,222,7644.73863198
p_1425896,33.867706,-118.082304,223,7728.1578658
p_1425896,33.867231,-118.082296,224,7780.85006278
p_1425896,33.866973,-118.082292,225,7809.46981292
p_1425896,33.866837,-118.08229,226,7824.55606584
p_1425896,33.866505,-118.082287,227,7861.38254542
p_1425896,33.866329,-118.082285,228,7880.90533822
p_1425896,33.866301,-118.082284,229,7884.01247553
p_1425896,33.866279,-118.082284,230,7886.45271494
p_1425896,33.865866,-118.082281,231,7932.26350328
p_1425896,33.865755,-118.082213,232,7946.09020933
p_1425896,33.865756,-118.081706,233,7993.00298039
p_1425896,33.865756,-118.081662,234,7997.07429428
p_1425896,33.865754,-118.081591,235,8003.64765893
p_1425896,33.865751,-118.081297,236,8030.85347435
p_1425896,33.86575,-118.080951,237,8062.86900054
p_1425896,33.865754,-118.080362,238,8117.37089731
p_1425896,33.865757,-118.079755,239,8173.53750915
p_1425896,33.865762,-118.079241,240,8221.10108937
p_1425896,33.865767,-118.078738,241,8267.64690915
p_1425896,33.865773,-118.078281,242,8309.93828565
p_1425896,33.865779,-118.077792,243,8355.19027141
p_1425896,33.865779,-118.076799,244,8447.072399
p_1425896,33.865791,-118.075756,245,8543.59019002
p_1425896,33.865792,-118.075493,246,8567.92578624
p_1425896,33.865792,-118.074665,247,8644.5404792
p_1425896,33.865808,-118.073559,248,8746.89384046
p_1425896,33.865811,-118.07313,249,8786.59052089
p_1425896,33.865812,-118.07306,250,8793.06855667
p_1425896,33.865814,-118.072723,251,8824.25188829
p_1425896,33.865816,-118.072528,252,8842.29656251
p_1425896,33.865817,-118.07245,253,8849.51473889
p_1425896,33.865702,-118.072446,254,8862.27590323
p_1425896,33.865427,-118.072439,255,8892.78576834
p_1425896,33.865336,-118.072436,256,8902.88330075
p_1425896,33.863888,-118.072414,257,9063.50827831
p_1425896,33.863318,-118.0724,258,9126.74590575
p_1425896,33.862887,-118.07239,259,9174.56134377
p_1425896,33.862809,-118.072388,260,9183.21507595
p_1425896,33.862501,-118.072386,261,9217.37890877
p_1425896,33.86207,-118.072381,262,9265.18762489
p_1425896,33.861173,-118.072372,263,9364.68625075
p_1425896,33.860947,-118.07237,264,9389.75482654
p_1425896,33.860879,-118.072369,265,9397.29794574
p_1425896,33.860409,-118.072362,266,9449.43430931
p_1425896,33.860072,-118.072356,267,9486.81842668
p_1425896,33.859899,-118.072349,268,9506.01849211
p_1425896,33.859453,-118.072343,269,9555.49186257
p_1425896,33.859328,-118.072341,270,9569.35807883
p_1425896,33.859125,-118.072339,271,9591.87556813
p_1425896,33.859047,-118.072338,272,9600.52781077
p_1425896,33.858956,-118.072337,273,9610.62194055
p_1425896,33.858782,-118.072334,274,9629.92398909
p_1425896,33.858684,-118.072333,275,9640.79452699
p_1425896,33.85868,-118.072333,276,9641.23820633
p_1425896,33.858529,-118.072332,277,9657.987357
p_1425896,33.858585,-118.07249,278,9673.87303918
p_1425896,33.858585,-118.072711,279,9694.32384801
