shape_id,shape_pt_lat,shape_pt_lon,shape_pt_sequence,shape_dist_traveled
p_1425695,33.988457,-118.198375,1,0
p_1425695,33.988455,-118.198358,2,1.58634245
p_1425695,33.988445,-118.198269,3,9.8841735
p_1425695,33.988386,-118.198151,4,22.6003903
p_1425695,33.98831,-118.197441,5,88.74197174
p_1425695,33.98829,-118.197247,6,106.8038347
p_1425695,33.988321,-118.197015,7,128.51408246
p_1425695,33.988299,-118.196849,8,144.04497041
p_1425695,33.988265,-118.196585,9,168.72772235
p_1425695,33.988226,-118.196167,10,207.59139598
p_1425695,33.988215,-118.196045,11,218.92973778
p_1425695,33.988201,-118.195889,12,233.4271665
p_1425695,33.988129,-118.195089,13,307.77543248
p_1425695,33.988117,-118.194964,14,319.40158523
p_1425695,33.988106,-118.19484,15,330.92368069
p_1425695,33.988095,-118.194719,16,342.17018152
p_1425695,33.988066,-118.194399,17,371.9119082
p_1425695,33.988027,-118.194021,18,407.10513468
p_1425695,33.987986,-118.193624,19,444.06789123
p_1425695,33.987953,-118.193308,20,473.49415284
p_1425695,33.987917,-118.192999,21,502.32298346
p_1425695,33.987907,-118.192914,22,510.25474525
p_1425695,33.987885,-118.19273,23,527.43019837
p_1425695,33.98784,-118.192268,24,570.40887679
p_1425695,33.9878,-118.191843,25,609.92787344
p_1425695,33.987797,-118.191815,26,612.53633019
p_1425695,33.987744,-118.191324,27,658.28307679
p_1425695,33.987722,-118.191125,28,676.83151794
p_1425695,33.987711,-118.190991,29,689.27283638
p_1425695,33.987699,-118.190853,30,702.0930599
p_1425695,33.987689,-118.190758,31,710.94068659
p_1425695,33.987678,-118.190647,32,721.26920079
p_1425695,33.987661,-118.190489,33,735.98938431
p_1425695,33.987657,-118.190447,34,739.8953878
p_1425695,33.98765,-118.190381,35,746.04289753
p_1425695,33.987613,-118.19001,36,780.56742756
p_1425695,33.987581,-118.189681,37,811.17296486
p_1425695,33.987581,-118.189677,38,811.54255777
p_1425695,33.987581,-118.189681,39,811.91215068
p_1425695,33.987564,-118.189511,40,827.73263198
p_1425695,33.987549,-118.189357,41,842.05890876
p_1425695,33.987502,-118.188886,42,885.88965119
p_1425695,33.987474,-118.188622,43,910.47973702
p_1425695,33.987427,-118.188202,44,949.63566438
p_1425695,33.987377,-118.187813,45,986.00402386
p_1425695,33.987309,-118.18768,46,1000.42317473
p_1425695,33.987271,-118.187291,47,1036.6125133
p_1425695,33.987242,-118.187011,48,1062.68332529
p_1425695,33.987052,-118.187042,49,1083.9522933
p_1425695,33.986876,-118.18707,50,1103.64527638
p_1425695,33.986706,-118.187099,51,1122.69147554
p_1425695,33.986528,-118.187129,52,1142.62925359
p_1425695,33.986377,-118.187153,53,1159.52466254
p_1425695,33.986366,-118.187155,54,1160.75872127
p_1425695,33.986284,-118.186318,55,1238.6301976
p_1425695,33.986225,-118.185741,56,1292.34496724
p_1425695,33.985943,-118.185786,57,1323.90015593
p_1425695,33.985863,-118.185845,58,1334.31475022
p_1425695,33.985615,-118.185884,59,1362.05846847
p_1425695,33.985333,-118.185878,60,1393.34342003
p_1425695,33.985452,-118.186963,61,1494.46328601
p_1425695,33.985505,-118.18746,62,1540.76110127
p_1425695,33.985572,-118.188086,63,1599.07924944
p_1425695,33.985074,-118.188153,64,1654.66429752
p_1425695,33.984973,-118.188166,65,1665.93164488
p_1425695,33.984852,-118.188182,66,1679.43440069
p_1425695,33.984669,-118.188207,67,1699.86416691
p_1425695,33.984587,-118.188218,68,1709.01639476
p_1425695,33.984198,-118.188271,69,1752.4421201
p_1425695,33.98376,-118.18833,70,1801.33091784
p_1425695,33.983658,-118.187228,71,1903.78500752
p_1425695,33.98364,-118.187047,72,1920.62861146
p_1425695,33.983616,-118.186801,73,1943.51498404
p_1425695,33.983538,-118.186143,74,2004.92836564
p_1425695,33.983961,-118.186067,75,2052.37103917
p_1425695,33.984038,-118.186005,76,2062.65546188
p_1425695,33.984799,-118.185886,77,2147.78034826
p_1425695,33.98494,-118.185933,78,2164.01212408
p_1425695,33.98514,-118.185905,79,2186.34690361
p_1425695,33.985333,-118.185878,80,2207.89975187
p_1425695,33.98555,-118.185771,81,2233.9212759
p_1425695,33.985868,-118.185713,82,2269.59931407
p_1425695,33.985943,-118.185786,83,2280.3094114
p_1425695,33.986225,-118.185741,84,2311.86460009
p_1425695,33.986391,-118.185632,85,2332.85215816
p_1425695,33.986663,-118.185599,86,2363.17667039
p_1425695,33.986682,-118.185596,87,2365.30234259
p_1425695,33.986955,-118.18556,88,2395.76623719
p_1425695,33.987097,-118.185541,89,2411.61471783
p_1425695,33.987042,-118.18506,90,2456.47529495
p_1425695,33.98702,-118.184865,91,2474.65756819
p_1425695,33.986922,-118.183868,92,2567.4183955
p_1425695,33.986884,-118.183426,93,2608.47567321
p_1425695,33.986792,-118.18256,94,2689.14133484
p_1425695,33.986711,-118.18172,95,2767.27490146
p_1425695,33.986701,-118.181617,96,2776.85643847
p_1425695,33.986663,-118.181134,97,2821.68385906
p_1425695,33.986587,-118.180441,98,2886.26908644
p_1425695,33.986583,-118.180397,99,2890.35879483
p_1425695,33.986493,-118.179376,100,2985.22526617
p_1425695,33.986438,-118.178954,101,3024.69219709
p_1425695,33.986409,-118.178684,102,3049.84658325
p_1425695,33.986365,-118.17827,103,3088.41007288
p_1425695,33.986242,-118.176962,104,3210.03641137
p_1425695,33.986202,-118.176515,105,3251.57670665
p_1425695,33.98612,-118.175823,106,3316.161034
p_1425695,33.986004,-118.17468,107,3422.55500018
p_1425695,33.985943,-118.174243,108,3463.49676985
p_1425695,33.985077,-118.174394,109,3560.56333631
p_1425695,33.984847,-118.174426,110,3586.2461986
p_1425695,33.984848,-118.174426,111,3586.35712071
p_1425695,33.984163,-118.17452,112,3662.83360218
p_1425695,33.984055,-118.173454,113,3762.05992081
p_1425695,33.984024,-118.173152,114,3790.17640115
p_1425695,33.98402,-118.173106,115,3794.44999131
p_1425695,33.984013,-118.173041,116,3800.50610776
p_1425695,33.983992,-118.172826,117,3820.50865361
p_1425695,33.983954,-118.172449,118,3855.5983369
p_1425695,33.983931,-118.172226,119,3876.36135294
p_1425695,33.98335,-118.172311,120,3941.28393262
p_1425695,33.983048,-118.172355,121,3975.02822972
p_1425695,33.983137,-118.173258,122,4059.0501852
p_1425695,33.98316,-118.173494,123,4081.0060245
p_1425695,33.983185,-118.173744,124,4104.27261984
p_1425695,33.983197,-118.173865,125,4115.53233293
p_1425695,33.983273,-118.174641,126,4187.7308552
p_1425695,33.984163,-118.17452,127,4287.08263894
p_1425695,33.985077,-118.174394,128,4389.13176054
p_1425695,33.985268,-118.174361,129,4410.53619146
p_1425695,33.985943,-118.174243,130,4486.19835007
p_1425695,33.98605,-118.174227,131,4498.15874093
p_1425695,33.986105,-118.174746,132,4546.50076336
p_1425695,33.986121,-118.174893,133,4560.19899236
p_1425695,33.986218,-118.175836,134,4647.99375385
p_1425695,33.986237,-118.176051,135,4667.97116555
p_1425695,33.986277,-118.176502,136,4709.87894696
p_1425695,33.986667,-118.176449,137,4753.41488973
p_1425695,33.987186,-118.176383,138,4811.30558715
p_1425695,33.987205,-118.176719,139,4842.42298327
p_1425695,33.987398,-118.178465,140,5005.16502389
p_1425695,33.987415,-118.178638,141,5021.26078861
p_1425695,33.987433,-118.178816,142,5037.82845039
p_1425695,33.988371,-118.17867,143,5142.74433639
p_1425695,33.988412,-118.178667,144,5147.30058531
p_1425695,33.98842,-118.178748,145,5154.83719187
p_1425695,33.988447,-118.179013,146,5179.5049573
p_1425695,33.988505,-118.179704,147,5243.67477999
p_1425695,33.988556,-118.180208,148,5290.58531451
p_1425695,33.988618,-118.180807,149,5346.35683691
p_1425695,33.98867,-118.181286,150,5390.98930924
p_1425695,33.988858,-118.183007,151,5551.36599169
p_1425695,33.988871,-118.183129,152,5562.73026276
p_1425695,33.988951,-118.183975,153,5641.40001953
p_1425695,33.988978,-118.184266,154,5668.4537498
p_1425695,33.98898,-118.184282,155,5669.94864983
p_1425695,33.988998,-118.18448,156,5688.35182559
p_1425695,33.989045,-118.184957,157,5732.73230441
p_1425695,33.989072,-118.185237,158,5758.7761323
p_1425695,33.989083,-118.18534,159,5768.37088081
p_1425695,33.989113,-118.185627,160,5795.09667652
p_1425695,33.989132,-118.185814,161,5812.5028923
p_1425695,33.989152,-118.186005,162,5830.28952164
p_1425695,33.989174,-118.186216,163,5849.93731943
p_1425695,33.989188,-118.186351,164,5862.5071408
p_1425695,33.989197,-118.186428,165,5869.69136863
p_1425695,33.989203,-118.186487,166,5875.18323627
p_1425695,33.989247,-118.186909,167,5914.47880376
p_1425695,33.98931,-118.187513,168,5970.72204053
p_1425695,33.989529,-118.189592,169,6164.34371135
p_1425695,33.989542,-118.189715,170,6175.79954983
p_1425695,33.989682,-118.191046,171,6299.75525267
p_1425695,33.989708,-118.191294,172,6322.85022132
p_1425695,33.989771,-118.191957,173,6384.50599546
p_1425695,33.989857,-118.192713,174,6455.00559312
p_1425695,33.98998,-118.193981,175,6572.95507653
p_1425695,33.989994,-118.194128,176,6586.62572083
p_1425695,33.990968,-118.193976,177,6695.57293736
p_1425695,33.991932,-118.193818,178,6803.49386615
p_1425695,33.992038,-118.193802,179,6815.3441919
p_1425695,33.992851,-118.193683,180,6906.19175174
p_1425695,33.993777,-118.193548,181,7009.66031327
p_1425695,33.994701,-118.193387,182,7113.22629697
p_1425695,33.994721,-118.193589,183,7132.02057044
p_1425695,33.994739,-118.193774,184,7149.22903094
p_1425695,33.994915,-118.195542,185,7313.73770216
p_1425695,33.994997,-118.196413,186,7394.72200844
p_1425695,33.995026,-118.196712,187,7422.53333009
p_1425695,33.995121,-118.197716,188,7515.88963436
p_1425695,33.995147,-118.197937,189,7536.51050499
p_1425695,33.995267,-118.198976,190,7633.42214199
p_1425695,33.995377,-118.199917,191,7721.21302371
p_1425695,33.995422,-118.200346,192,7761.16130222
p_1425695,33.995722,-118.203204,193,8027.29929919
p_1425695,33.995743,-118.203475,194,8052.44495118
p_1425695,33.995361,-118.203463,195,8094.83177374
p_1425695,33.995023,-118.203452,196,8132.33728263
p_1425695,33.994765,-118.203444,197,8160.96477758
p_1425695,33.994741,-118.203443,198,8163.62851531
p_1425695,33.994519,-118.203438,199,8188.25759614
p_1425695,33.994231,-118.203431,200,8220.20975993
p_1425695,33.99384,-118.203422,201,8263.58834115
p_1425695,33.99311,-118.20341,202,8344.56918682
p_1425695,33.99291,-118.203407,203,8366.75537025
p_1425695,33.992888,-118.203406,204,8369.19740834
p_1425695,33.992608,-118.2034,205,8400.26058667
p_1425695,33.99243,-118.203396,206,8420.00820585
p_1425695,33.992271,-118.203393,207,8437.64702121
p_1425695,33.992117,-118.20339,208,8454.73129561
p_1425695,33.99198,-118.203383,209,8469.94139945
p_1425695,33.991915,-118.20338,210,8477.15667111
p_1425695,33.99192,-118.203293,211,8485.21401909
p_1425695,33.991897,-118.203007,212,8511.76144317
p_1425695,33.991635,-118.200464,213,8748.50910001
p_1425695,33.991533,-118.199512,214,8837.1927619
p_1425695,33.991532,-118.199497,215,8838.58310296
p_1425695,33.991489,-118.199055,216,8879.69883073
p_1425695,33.991471,-118.198901,217,8894.06690892
p_1425695,33.991407,-118.198298,218,8950.23098022
p_1425695,33.991189,-118.196138,219,9151.26207297
p_1425695,33.990968,-118.193976,220,9352.5173849
p_1425695,33.989994,-118.194128,221,9461.46460143
p_1425695,33.990196,-118.196126,222,9647.42561798
p_1425695,33.990208,-118.196294,223,9663.00500955
p_1425695,33.990361,-118.197706,224,9794.56638397
p_1425695,33.99037,-118.197844,225,9807.35594472
p_1425695,33.990389,-118.198036,226,9825.2205727
p_1425695,33.990429,-118.198447,227,9863.45330861
p_1425695,33.990151,-118.19849,228,9894.54457276
p_1425695,33.98964,-118.198572,229,9951.72994003
p_1425695,33.98944,-118.198604,230,9974.1105406
p_1425695,33.98892,-118.198683,231,10032.25010847
p_1425695,33.988496,-118.198747,232,10079.65141488
p_1425695,33.988485,-118.198641,233,10089.52123253
p_1425695,33.988455,-118.198358,234,10115.88054888
p_1425860,33.988457,-118.198375,1,0
p_1425860,33.988455,-118.198358,2,1.58634245
p_1425860,33.988445,-118.198269,3,9.8841735
p_1425860,33.988386,-118.198151,4,22.6003903
p_1425860,33.98831,-118.197441,5,88.74197174
p_1425860,33.98829,-118.197247,6,106.8038347
p_1425860,33.988321,-118.197015,7,128.51408246
p_1425860,33.988299,-118.196849,8,144.04497041
p_1425860,33.988265,-118.196585,9,168.72772235
p_1425860,33.988226,-118.196167,10,207.59139598
p_1425860,33.988215,-118.196045,11,218.92973778
p_1425860,33.988201,-118.195889,12,233.4271665
p_1425860,33.988129,-118.195089,13,307.77543248
p_1425860,33.988117,-118.194964,14,319.40158523
p_1425860,33.988106,-118.19484,15,330.92368069
p_1425860,33.988095,-118.194719,16,342.17018152
p_1425860,33.988066,-118.194399,17,371.9119082
p_1425860,33.988027,-118.194021,18,407.10513468
p_1425860,33.987986,-118.193624,19,444.06789123
p_1425860,33.987953,-118.193308,20,473.49415284
p_1425860,33.987917,-118.192999,21,502.32298346
p_1425860,33.987907,-118.192914,22,510.25474525
p_1425860,33.987885,-118.19273,23,527.43019837
p_1425860,33.98784,-118.192268,24,570.40887679
p_1425860,33.9878,-118.191843,25,609.92787344
p_1425860,33.987797,-118.191815,26,612.53633019
p_1425860,33.987744,-118.191324,27,658.28307679
p_1425860,33.987722,-118.191125,28,676.83151794
p_1425860,33.987711,-118.190991,29,689.27283638
p_1425860,33.987699,-118.190853,30,702.0930599
p_1425860,33.987689,-118.190758,31,710.94068659
p_1425860,33.987678,-118.190647,32,721.26920079
p_1425860,33.987661,-118.190489,33,735.98938431
p_1425860,33.987657,-118.190447,34,739.8953878
p_1425860,33.98765,-118.190381,35,746.04289753
p_1425860,33.987613,-118.19001,36,780.56742756
p_1425860,33.987581,-118.189681,37,811.17296486
p_1425860,33.987581,-118.189677,38,811.54255777
p_1425860,33.987581,-118.189681,39,811.91215068
p_1425860,33.987564,-118.189511,40,827.73263198
p_1425860,33.987549,-118.189357,41,842.05890876
p_1425860,33.987502,-118.188886,42,885.88965119
p_1425860,33.987474,-118.188622,43,910.47973702
p_1425860,33.987427,-118.188202,44,949.63566438
p_1425860,33.987377,-118.187813,45,986.00402386
p_1425860,33.987309,-118.18768,46,1000.42317473
p_1425860,33.987271,-118.187291,47,1036.6125133
p_1425860,33.987242,-118.187011,48,1062.68332529
p_1425860,33.987052,-118.187042,49,1083.9522933
p_1425860,33.986876,-118.18707,50,1103.64527638
p_1425860,33.986706,-118.187099,51,1122.69147554
p_1425860,33.986528,-118.187129,52,1142.62925359
p_1425860,33.986377,-118.187153,53,1159.52466254
p_1425860,33.986366,-118.187155,54,1160.75872127
p_1425860,33.986284,-118.186318,55,1238.6301976
p_1425860,33.986225,-118.185741,56,1292.34496724
p_1425860,33.985943,-118.185786,57,1323.90015593
p_1425860,33.985863,-118.185845,58,1334.31475022
p_1425860,33.985615,-118.185884,59,1362.05846847
p_1425860,33.985333,-118.185878,60,1393.34342003
p_1425860,33.985452,-118.186963,61,1494.46328601
p_1425860,33.985505,-118.18746,62,1540.76110127
p_1425860,33.985572,-118.188086,63,1599.07924944
p_1425860,33.985074,-118.188153,64,1654.66429752
p_1425860,33.984973,-118.188166,65,1665.93164488
p_1425860,33.984852,-118.188182,66,1679.43440069
p_1425860,33.984669,-118.188207,67,1699.86416691
p_1425860,33.984587,-118.188218,68,1709.01639476
p_1425860,33.984198,-118.188271,69,1752.4421201
p_1425860,33.98376,-118.18833,70,1801.33091784
p_1425860,33.983658,-118.187228,71,1903.78500752
p_1425860,33.98364,-118.187047,72,1920.62861146
p_1425860,33.983616,-118.186801,73,1943.51498404
p_1425860,33.983538,-118.186143,74,2004.92836564
p_1425860,33.983961,-118.186067,75,2052.37103917
p_1425860,33.984038,-118.186005,76,2062.65546188
p_1425860,33.984799,-118.185886,77,2147.78034826
p_1425860,33.98494,-118.185933,78,2164.01212408
p_1425860,33.98514,-118.185905,79,2186.34690361
p_1425860,33.985333,-118.185878,80,2207.89975187
p_1425860,33.98555,-118.185771,81,2233.9212759
p_1425860,33.985868,-118.185713,82,2269.59931407
p_1425860,33.985943,-118.185786,83,2280.3094114
p_1425860,33.986225,-118.185741,84,2311.86460009
p_1425860,33.986391,-118.185632,85,2332.85215816
p_1425860,33.986663,-118.185599,86,2363.17667039
p_1425860,33.986682,-118.185596,87,2365.30234259
p_1425860,33.986955,-118.18556,88,2395.76623719
p_1425860,33.987097,-118.185541,89,2411.61471783
p_1425860,33.987042,-118.18506,90,2456.47529495
p_1425860,33.98702,-118.184865,91,2474.65756819
p_1425860,33.986922,-118.183868,92,2567.4183955
p_1425860,33.986884,-118.183426,93,2608.47567321
p_1425860,33.986792,-118.18256,94,2689.14133484
p_1425860,33.986711,-118.18172,95,2767.27490146
p_1425934,33.988457,-118.198375,1,0
p_1425934,33.988455,-118.198358,2,1.58634245
p_1425934,33.988445,-118.198269,3,9.8841735
p_1425934,33.988386,-118.198151,4,22.6003903
p_1425934,33.98831,-118.197441,5,88.74197174
p_1425934,33.98829,-118.197247,6,106.8038347
p_1425934,33.988321,-118.197015,7,128.51408246
p_1425934,33.988299,-118.196849,8,144.04497041
p_1425934,33.988265,-118.196585,9,168.72772235
p_1425934,33.988226,-118.196167,10,207.59139598
p_1425934,33.988215,-118.196045,11,218.92973778
p_1425934,33.988201,-118.195889,12,233.4271665
p_1425934,33.988129,-118.195089,13,307.77543248
p_1425934,33.988117,-118.194964,14,319.40158523
p_1425934,33.988106,-118.19484,15,330.92368069
p_1425934,33.988095,-118.194719,16,342.17018152
p_1425934,33.988066,-118.194399,17,371.9119082
p_1425934,33.988027,-118.194021,18,407.10513468
p_1425934,33.987986,-118.193624,19,444.06789123
p_1425934,33.987953,-118.193308,20,473.49415284
p_1425934,33.987917,-118.192999,21,502.32298346
p_1425934,33.987907,-118.192914,22,510.25474525
p_1425934,33.987885,-118.19273,23,527.43019837
p_1425934,33.98784,-118.192268,24,570.40887679
p_1425934,33.9878,-118.191843,25,609.92787344
p_1425934,33.987797,-118.191815,26,612.53633019
p_1425934,33.987744,-118.191324,27,658.28307679
p_1425934,33.987722,-118.191125,28,676.83151794
p_1425934,33.987711,-118.190991,29,689.27283638
p_1425934,33.987699,-118.190853,30,702.0930599
p_1425934,33.987689,-118.190758,31,710.94068659
p_1425934,33.987678,-118.190647,32,721.26920079
p_1425934,33.987661,-118.190489,33,735.98938431
p_1425934,33.987657,-118.190447,34,739.8953878
p_1425934,33.98765,-118.190381,35,746.04289753
p_1425934,33.987613,-118.19001,36,780.56742756
p_1425934,33.987581,-118.189681,37,811.17296486
p_1425934,33.987581,-118.189677,38,811.54255777
p_1425934,33.987581,-118.189681,39,811.91215068
p_1425934,33.987564,-118.189511,40,827.73263198
p_1425934,33.987549,-118.189357,41,842.05890876
p_1425934,33.987502,-118.188886,42,885.88965119
p_1425934,33.987474,-118.188622,43,910.47973702
p_1425934,33.987427,-118.188202,44,949.63566438
p_1425934,33.987377,-118.187813,45,986.00402386
p_1425934,33.987309,-118.18768,46,1000.42317473
p_1425934,33.987271,-118.187291,47,1036.6125133
p_1425934,33.987242,-118.187011,48,1062.68332529
p_1425934,33.987052,-118.187042,49,1083.9522933
p_1425934,33.986876,-118.18707,50,1103.64527638
p_1425934,33.986706,-118.187099,51,1122.69147554
p_1425934,33.986528,-118.187129,52,1142.62925359
p_1425934,33.986377,-118.187153,53,1159.52466254
p_1425934,33.986366,-118.187155,54,1160.75872127
p_1425934,33.986284,-118.186318,55,1238.6301976
p_1425934,33.986225,-118.185741,56,1292.34496724
p_1425934,33.985943,-118.185786,57,1323.90015593
p_1425934,33.985863,-118.185845,58,1334.31475022
p_1425934,33.985615,-118.185884,59,1362.05846847
p_1425934,33.985333,-118.185878,60,1393.34342003
p_1425934,33.985452,-118.186963,61,1494.46328601
p_1425934,33.985505,-118.18746,62,1540.76110127
p_1425934,33.985572,-118.188086,63,1599.07924944
p_1425934,33.985074,-118.188153,64,1654.66429752
p_1425934,33.984973,-118.188166,65,1665.93164488
p_1425934,33.984852,-118.188182,66,1679.43440069
p_1425934,33.984669,-118.188207,67,1699.86416691
p_1425934,33.984587,-118.188218,68,1709.01639476
p_1425934,33.984198,-118.188271,69,1752.4421201
p_1425934,33.98376,-118.18833,70,1801.33091784
p_1425934,33.983658,-118.187228,71,1903.78500752
p_1425934,33.98364,-118.187047,72,1920.62861146
p_1425934,33.983616,-118.186801,73,1943.51498404
p_1425934,33.983538,-118.186143,74,2004.92836564
p_1425934,33.983961,-118.186067,75,2052.37103917
p_1425934,33.984038,-118.186005,76,2062.65546188
p_1425934,33.984799,-118.185886,77,2147.78034826
p_1425934,33.98494,-118.185933,78,2164.01212408
p_1425934,33.98514,-118.185905,79,2186.34690361
p_1425934,33.985333,-118.185878,80,2207.89975187
p_1425934,33.98555,-118.185771,81,2233.9212759
p_1425934,33.985868,-118.185713,82,2269.59931407
p_1425934,33.985943,-118.185786,83,2280.3094114
p_1425934,33.986225,-118.185741,84,2311.86460009
p_1425934,33.986391,-118.185632,85,2332.85215816
p_1425934,33.986663,-118.185599,86,2363.17667039
p_1425934,33.986682,-118.185596,87,2365.30234259
p_1425934,33.986955,-118.18556,88,2395.76623719
p_1425934,33.987097,-118.185541,89,2411.61471783
p_1425934,33.987042,-118.18506,90,2456.47529495
p_1425934,33.98702,-118.184865,91,2474.65756819
p_1425934,33.986922,-118.183868,92,2567.4183955
p_1425934,33.986884,-118.183426,93,2608.47567321
p_1425934,33.986792,-118.18256,94,2689.14133484
p_1425934,33.986711,-118.18172,95,2767.27490146
p_1425934,33.986701,-118.181617,96,2776.85643847
p_1425934,33.986663,-118.181134,97,2821.68385906
p_1425934,33.986587,-118.180441,98,2886.26908644
p_1425934,33.986583,-118.180397,99,2890.35879483
p_1425934,33.986493,-118.179376,100,2985.22526617
p_1425934,33.986438,-118.178954,101,3024.69219709
p_1425934,33.986409,-118.178684,102,3049.84658325
p_1425934,33.986365,-118.17827,103,3088.41007288
p_1425934,33.986242,-118.176962,104,3210.03641137
p_1425934,33.986202,-118.176515,105,3251.57670665
p_1425934,33.98612,-118.175823,106,3316.161034
p_1425934,33.986004,-118.17468,107,3422.55500018
p_1425934,33.985943,-118.174243,108,3463.49676985
p_1425934,33.985077,-118.174394,109,3560.56333631
p_1425934,33.984847,-118.174426,110,3586.2461986
p_1425934,33.984848,-118.174426,111,3586.35712071
p_1425934,33.984163,-118.17452,112,3662.83360218
p_1425934,33.984055,-118.173454,113,3762.05992081
p_1425934,33.984024,-118.173152,114,3790.17640115
p_1425934,33.98402,-118.173106,115,3794.44999131
p_1425934,33.984013,-118.173041,116,3800.50610776
p_1425934,33.983992,-118.172826,117,3820.50865361
p_1425934,33.983954,-118.172449,118,3855.5983369
p_1425934,33.983931,-118.172226,119,3876.36135294
p_1425934,33.98335,-118.172311,120,3941.28393262
p_1425934,33.983048,-118.172355,121,3975.02822972
p_1425934,33.983137,-118.173258,122,4059.0501852
p_1425934,33.98316,-118.173494,123,4081.0060245
p_1425934,33.983185,-118.173744,124,4104.27261984
p_1425934,33.983197,-118.173865,125,4115.53233293
p_1425934,33.983273,-118.174641,126,4187.7308552
p_1425934,33.984163,-118.17452,127,4287.08263894
p_1425934,33.985077,-118.174394,128,4389.13176054
p_1425934,33.985268,-118.174361,129,4410.53619146
p_1425934,33.985943,-118.174243,130,4486.19835007
p_1425934,33.98605,-118.174227,131,4498.15874093
p_1425934,33.986105,-118.174746,132,4546.50076336
p_1425934,33.986121,-118.174893,133,4560.19899236
p_1425934,33.986218,-118.175836,134,4647.99375385
p_1425934,33.986237,-118.176051,135,4667.97116555
p_1425934,33.986277,-118.176502,136,4709.87894696
p_1425934,33.986667,-118.176449,137,4753.41488973
p_1425934,33.987186,-118.176383,138,4811.30558715
p_1425934,33.987205,-118.176719,139,4842.42298327
p_1425934,33.987398,-118.178465,140,5005.16502389
p_1425934,33.987415,-118.178638,141,5021.26078861
p_1425934,33.987433,-118.178816,142,5037.82845039
p_1425934,33.988371,-118.17867,143,5142.74433639
p_1425934,33.988412,-118.178667,144,5147.30058531
p_1425934,33.98842,-118.178748,145,5154.83719187
p_1425934,33.988447,-118.179013,146,5179.5049573
p_1425934,33.988505,-118.179704,147,5243.67477999
p_1425934,33.988556,-118.180208,148,5290.58531451
p_1425934,33.988618,-118.180807,149,5346.35683691
p_1425934,33.98867,-118.181286,150,5390.98930924
p_1425934,33.988858,-118.183007,151,5551.36599169
p_1425934,33.988871,-118.183129,152,5562.73026276
p_1425934,33.988951,-118.183975,153,5641.40001953
p_1425934,33.988978,-118.184266,154,5668.4537498
p_1425934,33.98898,-118.184282,155,5669.94864983
p_1425934,33.988998,-118.18448,156,5688.35182559
p_1425934,33.989045,-118.184957,157,5732.73230441
p_1425934,33.989072,-118.185237,158,5758.7761323
p_1425934,33.989083,-118.18534,159,5768.37088081
p_1425934,33.989113,-118.185627,160,5795.09667652
p_1425934,33.989132,-118.185814,161,5812.5028923
p_1425934,33.989152,-118.186005,162,5830.28952164
p_1425934,33.989174,-118.186216,163,5849.93731943
p_1425934,33.989188,-118.186351,164,5862.5071408
p_1425934,33.989197,-118.186428,165,5869.69136863
p_1425934,33.989203,-118.186487,166,5875.18323627
p_1425934,33.989247,-118.186909,167,5914.47880376
p_1425934,33.98931,-118.187513,168,5970.72204053
p_1425934,33.989529,-118.189592,169,6164.34371135
p_1425934,33.989542,-118.189715,170,6175.79954983
p_1425934,33.989682,-118.191046,171,6299.75525267
p_1425934,33.989708,-118.191294,172,6322.85022132
p_1425934,33.989771,-118.191957,173,6384.50599546
p_1425934,33.989857,-118.192713,174,6455.00559312
p_1425934,33.98998,-118.193981,175,6572.95507653
p_1425934,33.989994,-118.194128,176,6586.62572083
p_1425934,33.990968,-118.193976,177,6695.57293736
p_1425934,33.991932,-118.193818,178,6803.49386615
p_1425934,33.992038,-118.193802,179,6815.3441919
p_1425934,33.992851,-118.193683,180,6906.19175174
p_1425934,33.993777,-118.193548,181,7009.66031327
p_1425934,33.994701,-118.193387,182,7113.22629697
p_1425934,33.994721,-118.193589,183,7132.02057044
p_1425934,33.994739,-118.193774,184,7149.22903094
p_1425934,33.994915,-118.195542,185,7313.73770216
p_1425934,33.994997,-118.196413,186,7394.72200844
p_1425934,33.995026,-118.196712,187,7422.53333009
p_1425934,33.995121,-118.197716,188,7515.88963436
p_1425934,33.995147,-118.197937,189,7536.51050499
p_1425934,33.995267,-118.198976,190,7633.42214199
p_1425934,33.995377,-118.199917,191,7721.21302371
p_1425934,33.995422,-118.200346,192,7761.16130222
p_1425934,33.995722,-118.203204,193,8027.29929919
p_1425934,33.995743,-118.203475,194,8052.44495118
p_1425934,33.995361,-118.203463,195,8094.83177374
p_1425934,33.995023,-118.203452,196,8132.33728263
p_1425934,33.994765,-118.203444,197,8160.96477758
p_1425934,33.994741,-118.203443,198,8163.62851531
p_1425934,33.994519,-118.203438,199,8188.25759614
p_1425934,33.994231,-118.203431,200,8220.20975993
p_1425934,33.99384,-118.203422,201,8263.58834115
p_1425934,33.99311,-118.20341,202,8344.56918682
p_1425934,33.99291,-118.203407,203,8366.75537025
p_1425934,33.992888,-118.203406,204,8369.19740834
p_1425934,33.992608,-118.2034,205,8400.26058667
p_1425934,33.99243,-118.203396,206,8420.00820585
p_1425934,33.992271,-118.203393,207,8437.64702121
p_1425934,33.992117,-118.20339,208,8454.73129561
p_1425934,33.99198,-118.203383,209,8469.94139945
p_1425934,33.991915,-118.20338,210,8477.15667111
p_1425934,33.99192,-118.203293,211,8485.21401909
p_1425934,33.991897,-118.203007,212,8511.76144317
p_1425934,33.991635,-118.200464,213,8748.50910001
p_1425934,33.991533,-118.199512,214,8837.1927619
p_1425934,33.991532,-118.199497,215,8838.58310296
p_1425934,33.991489,-118.199055,216,8879.69883073
p_1425934,33.991471,-118.198901,217,8894.06690892
p_1425934,33.991407,-118.198298,218,8950.23098022
p_1425934,33.991189,-118.196138,219,9151.26207297
p_1425934,33.990968,-118.193976,220,9352.5173849
p_1425934,33.989994,-118.194128,221,9461.46460143
p_1425934,33.990196,-118.196126,222,9647.42561798
