shape_id,shape_pt_lat,shape_pt_lon,shape_pt_sequence,shape_dist_traveled
p_901562,34.070471,-117.92833,1,0
p_901562,34.070332,-117.928334,2,15.422809
p_901562,34.070248,-117.928337,3,24.74451044
p_901562,34.070197,-117.928347,4,30.47643354
p_901562,34.070167,-117.928353,5,33.84991896
p_901562,34.070117,-117.928408,6,41.36895475
p_901562,34.070006,-117.928252,7,60.31528877
p_901562,34.069892,-117.928091,8,79.82874718
p_901562,34.069663,-117.928287,9,111.01494777
p_901562,34.069595,-117.928365,10,121.44259369
p_901562,34.06954,-117.928436,11,130.39660169
p_901562,34.069442,-117.928623,12,150.79612241
p_901562,34.069388,-117.928765,13,165.20782646
p_901562,34.069367,-117.928859,14,174.192158
p_901562,34.069359,-117.928933,15,181.0804687
p_901562,34.069353,-117.928987,16,186.10942311
p_901562,34.069354,-117.929074,17,194.14112761
p_901562,34.069355,-117.929441,18,228.01894593
p_901562,34.069356,-117.929846,19,265.40451297
p_901562,34.069357,-117.930261,20,303.71317195
p_901562,34.06861,-117.930259,21,386.57333118
p_901562,34.068619,-117.930441,22,403.40346568
p_901562,34.06863,-117.930625,23,420.43235444
p_901562,34.068651,-117.930988,24,454.02190151
p_901562,34.068627,-117.931311,25,483.9567757
p_901562,34.068607,-117.931575,26,508.42749986
p_901562,34.068627,-117.932108,27,557.67895219
p_901562,34.068644,-117.932368,28,581.75362499
p_901562,34.0687,-117.933149,29,654.11513864
p_901562,34.068944,-117.933141,30,681.19057719
p_901562,34.069073,-117.933135,31,695.51044089
p_901562,34.069071,-117.932979,32,709.91250079
p_901562,34.068923,-117.932984,33,726.33568534
p_901562,34.068898,-117.932965,34,729.61686965
p_901562,34.068889,-117.932344,35,786.9501568
p_901562,34.068898,-117.932965,36,844.28344395
p_901562,34.068923,-117.932984,37,847.56462826
p_901562,34.069071,-117.932979,38,863.98781281
p_901562,34.069073,-117.933135,39,878.38987271
p_901562,34.068944,-117.933141,40,892.70973641
p_901562,34.0687,-117.933149,41,919.78517496
p_901562,34.068704,-117.933211,42,925.52558927
p_901562,34.068708,-117.933272,43,931.17397363
p_901562,34.068756,-117.934044,44,1002.63615689
p_901562,34.068776,-117.934339,45,1029.95790481
p_901562,34.068813,-117.934542,46,1049.14106413
p_901562,34.068815,-117.93466,47,1060.03592937
p_901562,34.06881,-117.934774,48,1070.57390001
p_901562,34.06879,-117.935368,49,1125.45104201
p_901562,34.068782,-117.935622,50,1148.91463283
p_901562,34.068726,-117.935956,51,1180.36579016
p_901562,34.068716,-117.936105,52,1194.16468414
p_901562,34.06868,-117.936391,53,1220.86573593
p_901562,34.068644,-117.936674,54,1247.29301453
p_901562,34.068594,-117.937224,55,1298.36578676
p_901562,34.068784,-117.937294,56,1320.40960983
p_901562,34.06875,-117.937371,57,1328.45607485
p_901562,34.068727,-117.937456,58,1336.70679955
p_901562,34.068732,-117.937497,59,1340.53194383
p_901562,34.068739,-117.937552,60,1345.66804228
p_901562,34.068795,-117.937652,61,1356.79446902
p_901562,34.068904,-117.937799,62,1374.96913283
p_901562,34.068997,-117.937706,63,1388.38990676
p_901562,34.069087,-117.937827,64,1403.37058476
p_901562,34.069205,-117.93771,65,1420.3401787
p_901562,34.069533,-117.937385,66,1467.49690609
p_901562,34.069881,-117.937153,67,1511.64103956
p_901562,34.069961,-117.937118,68,1521.08477448
p_901562,34.070549,-117.936865,69,1590.36296426
p_901562,34.070908,-117.936729,70,1632.11652779
p_901562,34.071114,-117.936652,71,1656.04672961
p_901562,34.071893,-117.936369,72,1746.31864637
p_901562,34.072001,-117.936357,73,1758.34950517
p_901562,34.072192,-117.936272,74,1780.94210005
p_901562,34.072371,-117.936192,75,1802.12618969
p_901562,34.072805,-117.936015,76,1852.96398155
p_901562,34.073476,-117.935722,77,1932.15524675
p_901562,34.073791,-117.935603,78,1968.78209705
p_901562,34.073888,-117.935519,79,1982.04434942
p_901562,34.074134,-117.935431,80,2010.51491643
p_901562,34.074304,-117.935406,81,2029.51262095
p_901562,34.07459,-117.935365,82,2061.46174074
p_901562,34.074938,-117.935328,83,2100.21398732
p_901562,34.075312,-117.935295,84,2141.81114164
p_901562,34.075396,-117.935287,85,2151.15795097
p_901562,34.075511,-117.935275,86,2163.96218045
p_901562,34.075507,-117.934682,87,2218.69963496
p_901562,34.075493,-117.934158,88,2267.09131586
p_901562,34.075493,-117.933163,89,2358.93277989
p_901562,34.0755,-117.93203,90,2463.51493317
p_901562,34.075493,-117.931,91,2558.59016825
p_901562,34.075493,-117.929987,92,2652.0930859
p_901562,34.075497,-117.928926,93,2750.02754932
p_901562,34.075499,-117.928019,94,2833.74664022
p_901562,34.075502,-117.92716,95,2913.03559045
p_901562,34.075504,-117.926376,96,2985.40145747
p_901562,34.075502,-117.926234,97,2998.51035629
p_901562,34.075486,-117.9253,98,3084.73960389
p_901562,34.075479,-117.924443,99,3163.84707732
p_901562,34.075491,-117.923493,100,3251.54501777
p_901562,34.075505,-117.922298,101,3361.85800236
p_901562,34.075478,-117.921327,102,3451.53422187
p_901562,34.075485,-117.919973,103,3576.51488422
p_901562,34.075581,-117.919335,104,3636.35918927
p_901562,34.075592,-117.919205,105,3648.4204401
p_901562,34.0756,-117.918872,106,3679.17010193
p_901562,34.075585,-117.916966,107,3855.10724185
p_901562,34.075581,-117.916535,108,3894.89225788
p_901562,34.076432,-117.91652,109,3989.29853045
p_901562,34.077319,-117.91652,110,4087.68791915
p_901562,34.078195,-117.916529,111,4184.86071108
p_901562,34.07919,-117.916546,112,4295.24105333
p_901562,34.080081,-117.916535,113,4394.07939631
p_901562,34.080964,-117.916543,114,4492.0279313
p_901562,34.081881,-117.916535,115,4593.74778857
p_901562,34.082835,-117.916583,116,4699.6618585
p_901562,34.082831,-117.916045,117,4749.31855966
p_901562,34.082823,-117.9149,118,4855.00008665
p_901562,34.082812,-117.913872,119,4949.88722626
p_901562,34.082793,-117.91275,120,5053.4637161
p_901562,34.082782,-117.91049,121,5262.05413357
p_901562,34.082785,-117.909669,122,5337.82911687
p_901562,34.082786,-117.909443,123,5358.68809717
p_901562,34.082772,-117.908938,124,5405.32297347
p_901562,34.082771,-117.908881,125,5410.58496249
p_901562,34.082767,-117.908746,126,5423.05269659
p_901562,34.082761,-117.908391,127,5455.82421283
p_901562,34.08275,-117.908078,128,5484.73833592
p_901562,34.082742,-117.907838,129,5506.90693042
p_901562,34.08252,-117.90784,130,5531.53272348
p_901562,34.082226,-117.907842,131,5564.14486506
p_901562,34.081883,-117.907846,132,5602.19354324
p_901562,34.081818,-117.907846,133,5609.40359448
p_901562,34.080935,-117.907848,134,5707.34953389
p_901562,34.080894,-117.907846,135,5711.90115638
p_901562,34.080249,-117.907829,136,5783.46423782
p_901562,34.080041,-117.90782,137,5806.55134431
p_901562,34.079844,-117.90782,138,5828.40333897
p_901562,34.079626,-117.907829,139,5852.59899701
p_901562,34.079411,-117.907829,140,5876.44761898
p_901562,34.079189,-117.90783,141,5901.07287981
p_901562,34.079075,-117.907831,142,5913.71853169
p_901562,34.078581,-117.907817,143,5968.53012804
p_901562,34.077362,-117.90781,144,6103.74777792
p_901562,34.077282,-117.90781,145,6112.62168059
p_901562,34.076181,-117.907812,146,6234.74889386
p_901562,34.075721,-117.907813,147,6285.7739063
p_901562,34.075494,-117.907813,148,6310.95359809
p_901562,34.075494,-117.907655,149,6325.53746859
p_901562,34.075493,-117.907453,150,6344.18300017
p_901562,34.075492,-117.907332,151,6355.3522115
p_901562,34.075491,-117.906974,152,6388.39686471
p_901562,34.07549,-117.906905,153,6394.76673632
p_901562,34.07549,-117.906775,154,6406.766124
p_901562,34.075488,-117.906302,155,6450.42599872
p_901562,34.075487,-117.906069,156,6471.93288025
p_901562,34.075485,-117.905645,157,6511.0699753
p_901562,34.075483,-117.905309,158,6542.08457295
p_901562,34.075482,-117.90506,159,6565.06828521
p_901562,34.07548,-117.904615,160,6606.14371572
p_901562,34.075478,-117.904289,161,6636.23530959
p_901562,34.075473,-117.903465,162,6712.295002
p_901562,34.075473,-117.903319,163,6725.77124009
p_901562,34.075473,-117.902751,164,6778.19934444
p_901562,34.075464,-117.901672,165,6877.79929066
p_901562,34.075446,-117.900616,166,6975.29172736
p_901562,34.07542,-117.899196,167,7106.39377538
p_901562,34.075415,-117.898904,168,7133.35197491
p_901562,34.07541,-117.898415,169,7178.49158166
p_901562,34.075406,-117.897944,170,7221.96859223
p_901562,34.075406,-117.897118,171,7298.21093077
p_901562,34.0754,-117.896688,172,7337.90683333
p_901562,34.075397,-117.896529,173,7352.58679546
p_901562,34.075393,-117.896131,174,7389.3261027
p_901562,34.075393,-117.895021,175,7491.78252971
p_901562,34.075391,-117.894568,176,7533.59641731
p_901562,34.075388,-117.893942,177,7591.37911062
p_901562,34.075384,-117.893283,178,7652.20846841
p_901562,34.075374,-117.892845,179,7692.65244147
p_901562,34.075367,-117.892382,180,7735.39583536
p_901562,34.075366,-117.892343,181,7738.99736547
p_901562,34.075366,-117.892272,182,7745.55088675
p_901562,34.075361,-117.891805,183,7788.66001136
p_901562,34.075355,-117.891089,184,7854.75240017
p_901562,34.075354,-117.890938,185,7868.69061406
p_901562,34.075352,-117.890816,186,7879.95378106
p_901562,34.075351,-117.890618,187,7898.23013789
p_901562,34.07535,-117.890565,188,7903.12346136
p_901562,34.075349,-117.890477,189,7911.24689456
p_901562,34.075346,-117.890091,190,7946.87745934
p_901562,34.075346,-117.889262,191,8023.39676105
p_901562,34.075342,-117.889132,192,8035.40436964
p_901562,34.075344,-117.888342,193,8108.324189
p_901562,34.075341,-117.888015,194,8138.50915085
p_901562,34.075335,-117.887424,195,8193.06437053
p_901562,34.075335,-117.887408,196,8194.54122093
p_901562,34.07533,-117.886964,197,8235.52757353
p_901562,34.075321,-117.886022,198,8322.48288172
p_901562,34.075299,-117.883895,199,8518.82690583
p_901562,34.075287,-117.882471,200,8650.27339649
p_901562,34.075282,-117.881877,201,8705.10430539
p_901562,34.07528,-117.881682,202,8723.10479825
p_901562,34.075277,-117.881377,203,8751.25924445
p_901562,34.075161,-117.881375,204,8764.12772313
p_901562,34.074864,-117.881366,205,8797.08254667
p_901562,34.074539,-117.881355,206,8833.14705642
p_901562,34.07442,-117.881352,207,8846.34988478
p_901562,34.074323,-117.881353,208,8857.10988251
p_901562,34.072757,-117.881353,209,9030.81642019
p_901562,34.072624,-117.881355,210,9045.57042728
p_901562,34.072545,-117.881279,211,9056.79556155999
p_901562,34.072487,-117.881279,212,9063.22913595999
p_901562,34.072205,-117.881274,213,9094.51302218
p_901562,34.072003,-117.881277,214,9116.92131851
p_901562,34.071775,-117.881281,215,9142.21461383
p_901562,34.071487,-117.881285,216,9174.16276749
p_901562,34.07108,-117.881281,217,9219.31021275
p_901562,34.071075,-117.881163,218,9230.21664037
p_901562,34.071062,-117.880962,219,9248.82645584
p_901562,34.071052,-117.880687,220,9274.23532187999
p_901562,34.071043,-117.880432,221,9297.79497174
p_901562,34.071058,-117.880298,222,9310.27562204
p_901562,34.071105,-117.880158,223,9324.21068019999
p_901562,34.071154,-117.880058,224,9334.92278487999
p_901562,34.0712,-117.879966,225,9344.83008689
p_901562,34.071321,-117.879727,226,9370.65360232
p_901562,34.071496,-117.879327,227,9412.36831368999
p_901562,34.071548,-117.879169,228,9428.05204152
p_901562,34.071559,-117.879001,229,9443.60758771
p_901562,34.071559,-117.878971,230,9446.37680509
p_901562,34.071557,-117.878399,231,9499.17701644
p_901562,34.071555,-117.877527,232,9579.66924345
p_901562,34.071556,-117.877365,233,9594.6234293
p_901562,34.071521,-117.877175,234,9612.58637124
p_901562,34.071439,-117.877001,235,9631.04452707
p_901562,34.071369,-117.876916,236,9642.08317113
p_901562,34.071195,-117.876703,237,9669.63480698
p_901562,34.071122,-117.876613,238,9681.23593083
p_901562,34.071048,-117.876523,239,9692.91475308
p_901562,34.070972,-117.876431,240,9704.88086254
p_901562,34.070674,-117.876085,241,9750.84522717
p_901562,34.070306,-117.875656,242,9807.71744376
p_901562,34.070227,-117.875564,243,9819.92032887999
p_901562,34.069888,-117.87517,244,9872.23427837
p_901562,34.06962,-117.874521,245,9939.11309105999
p_901562,34.0692,-117.872584,246,10123.88641263
p_901562,34.06962,-117.874521,247,10308.6597342
p_901562,34.069888,-117.87517,248,10375.53854689
p_901562,34.070227,-117.875564,249,10427.85249638
p_901562,34.070306,-117.875656,250,10440.0553815
p_901562,34.070674,-117.876085,251,10496.92759809
p_901562,34.070972,-117.876431,252,10542.89196272
p_901562,34.071048,-117.876523,253,10554.85807218
p_901562,34.071122,-117.876613,254,10566.53689443
p_901562,34.071195,-117.876703,255,10578.13801828
p_901562,34.071369,-117.876916,256,10605.68965413
p_901562,34.071439,-117.877001,257,10616.72829819
p_901562,34.071521,-117.877175,258,10635.18645402
p_901562,34.071556,-117.877365,259,10653.14939596
p_901562,34.071555,-117.877527,260,10668.10358181
p_901562,34.071557,-117.878399,261,10748.59580882
p_901562,34.071559,-117.878971,262,10801.39602017
p_901562,34.071559,-117.879001,263,10804.16523755
p_901562,34.071548,-117.879169,264,10819.72078374
p_901562,34.071496,-117.879327,265,10835.40451157
p_901562,34.071321,-117.879727,266,10877.11922294
p_901562,34.0712,-117.879966,267,10902.94273837
p_901562,34.071154,-117.880058,268,10912.85004038
p_901562,34.071105,-117.880158,269,10923.56214506
p_901562,34.071058,-117.880298,270,10937.49720322
p_901562,34.071043,-117.880432,271,10949.97785352
p_901562,34.071052,-117.880687,272,10973.53750338
p_901562,34.071062,-117.880962,273,10998.94636942
p_901562,34.071075,-117.881163,274,11017.55618489
p_901562,34.07108,-117.881281,275,11028.46261251
p_901562,34.071084,-117.88138,276,11037.61184596
p_901562,34.071089,-117.881579,277,11055.98946071
p_901562,34.071097,-117.881751,278,11071.89117347
p_901562,34.071099,-117.881811,279,11077.43407958
p_901562,34.071104,-117.881989,280,11093.87421554
p_901562,34.071124,-117.882191,281,11112.65188714
p_901562,34.071138,-117.882241,282,11117.52152566
p_901562,34.071181,-117.882393,283,11132.34085892
p_901562,34.071285,-117.882637,284,11157.64636625
p_901562,34.071303,-117.88268,285,11162.08947941
p_901562,34.071346,-117.882778,286,11172.31605112
p_901562,34.071573,-117.883314,287,11227.83149029
p_901562,34.071615,-117.883455,288,11241.65548485
p_901562,34.071622,-117.884423,289,11331.01221005
p_901562,34.071628,-117.884857,290,11371.07905169
p_901562,34.071628,-117.885107,291,11394.15584446
p_901562,34.071629,-117.885226,292,11405.1409578
p_901562,34.071632,-117.885674,293,11446.49590811
p_901562,34.071635,-117.885971,294,11473.9131557
p_901562,34.071638,-117.886393,295,11512.86819937
p_901562,34.071642,-117.886887,296,11558.47009403
p_901562,34.071646,-117.887346,297,11600.84140075
p_901562,34.071631,-117.887596,298,11623.97809557
p_901562,34.071607,-117.887731,299,11636.72075464
p_901562,34.071564,-117.887853,300,11648.9506833
p_901562,34.07155,-117.887881,301,11651.96593928
p_901562,34.071482,-117.888021,302,11666.92917608
p_901562,34.071457,-117.888071,303,11672.31356582
p_901562,34.071431,-117.888116,304,11677.37042884
p_901562,34.071349,-117.888258,305,11693.32483672
p_901562,34.071034,-117.888739,306,11749.82464578
p_901562,34.07098,-117.888819,307,11759.33313485
p_901562,34.070765,-117.889127,308,11796.44201556
p_901562,34.070717,-117.889203,309,11805.24909476
p_901562,34.070638,-117.889323,310,11819.37315977
p_901562,34.070601,-117.88937,311,11825.34532341
p_901562,34.070543,-117.88947,312,11836.59695023
p_901562,34.070497,-117.88959,313,11848.79266348
p_901562,34.070476,-117.889729,314,11861.83326491
p_901562,34.070471,-117.88976,315,11864.74807768
p_901562,34.070464,-117.889886,316,11876.40482908
p_901562,34.070441,-117.89013,317,11899.07212105
p_901562,34.070245,-117.890125,318,11920.81805638
p_901562,34.070163,-117.890124,319,11929.91426445
p_901562,34.069953,-117.890119,320,11953.21280343
p_901562,34.069805,-117.890116,321,11969.63183898
p_901562,34.069574,-117.890112,322,11995.25786131
p_901562,34.069156,-117.890116,323,12041.62541282
p_901562,34.068808,-117.89012,324,12080.22860289
p_901562,34.068592,-117.890122,325,12104.18881772
p_901562,34.067933,-117.890129,326,12177.29033899
p_901562,34.067573,-117.890132,327,12217.22379899
p_901562,34.0674,-117.890134,328,12236.41447085
p_901562,34.067242,-117.890136,329,12253.94137247
p_901562,34.065777,-117.890151,330,12416.45032809
p_901562,34.064548,-117.890178,331,12552.79817127
p_901562,34.06456,-117.891188,332,12646.04566341
p_901562,34.064561,-117.891218,333,12648.81732898
p_901562,34.06471,-117.891225,334,12665.35756646
p_901562,34.06472,-117.891753,335,12714.1123312
p_901562,34.06475,-117.891754,336,12717.44131809
p_901562,34.064851,-117.891757,337,12728.64801983
p_901562,34.064934,-117.891757,338,12737.8546752
p_901562,34.0650658862024,-117.891752923812,339,12752.48880099
p_901562,34.0650729822561,-117.892678046838,340,12837.89449784
p_901562,34.064574,-117.892674,341,12893.24464552
p_901562,34.064579,-117.893182,342,12940.14385276
p_901562,34.064586,-117.893932,343,13009.38431547
p_901562,34.064592,-117.89418,344,13032.28805883
p_901562,34.064596,-117.894594,345,13070.50896123
p_901562,34.0646,-117.894949,346,13103.28371692
p_901562,34.064601,-117.895099,347,13117.13138005
p_901562,34.064602,-117.895201,348,13126.54814209
p_901562,34.064609,-117.895717,349,13174.18890012
p_901562,34.064611,-117.895911,350,13192.09934185
p_901562,34.064612,-117.896014,351,13201.60841122
p_901562,34.064621,-117.896796,352,13273.80546775
p_901562,34.064623,-117.896942,353,13287.28524971
p_901562,34.064623,-117.897934,354,13378.86149955
p_901562,34.064629,-117.898999,355,13477.17897663
p_901562,34.063737,-117.899004,356,13576.12385613
p_901562,34.062898,-117.899013,357,13669.1924066
p_901562,34.061987,-117.899026,358,13770.25085447
p_901562,34.061338,-117.899038,359,13842.2487295
p_901562,34.060995,-117.899045,360,13880.30097476
p_901562,34.061,-117.899389,361,13912.06344988
p_901562,34.06104,-117.901821,362,14136.62630424
p_901562,34.061045,-117.902938,363,14239.74772829
p_901562,34.061049,-117.903962,364,14334.28306261
p_901562,34.061056,-117.904915,365,14422.26615246
p_901562,34.061063,-117.905833,366,14507.01821358
p_901562,34.061049,-117.906778,367,14594.27314475
p_901562,34.061065,-117.907184,368,14631.79650554
p_901562,34.06107,-117.907291,369,14641.69015582
p_901562,34.061091,-117.907816,370,14690.21337008
p_901562,34.061093,-117.907952,371,14702.77065906
p_901562,34.061097,-117.908395,372,14743.67020276
p_901562,34.06111,-117.910132,373,14904.0340672
p_901562,34.061131,-117.910933,374,14978.01791824
p_901562,34.061132,-117.911031,375,14987.06581649
p_901562,34.061137,-117.911792,376,15057.32242275
p_901562,34.06114,-117.912127,377,15088.25092604
p_901562,34.061142,-117.912394,378,15112.90097552
p_901562,34.061144,-117.912672,379,15138.56648887
p_901562,34.061148,-117.913278,380,15194.51328247
p_901562,34.061154,-117.914003,381,15261.44752766
p_901562,34.061163,-117.915131,382,15365.58760866
p_901562,34.061163,-117.915247,383,15376.29655696
p_901562,34.061171,-117.916238,384,15467.78850933
p_901562,34.061174,-117.916579,385,15499.27087983
p_901562,34.0611956725519,-117.916702425061,386,15510.91613245
p_901562,34.0615072678166,-117.916702425061,387,15545.47936812
p_901562,34.062538,-117.916695,388,15659.81385122
p_901562,34.063904,-117.916679,389,15811.34259021
p_901562,34.064354,-117.916672,390,15861.26236811
p_901562,34.064808,-117.916664,391,15911.62707607
p_901562,34.065147,-117.916664,392,15949.23016297
p_901562,34.065708,-117.916672,393,16011.46266689
p_901562,34.066528,-117.916656,394,16102.43199457
p_901562,34.066582,-117.916649,395,16108.45662301
p_901562,34.067005,-117.916618,396,16155.4644887
p_901562,34.068417,-117.916603,397,16312.09474609
p_901562,34.070679,-117.91658,398,16563.01300856
p_901562,34.071453,-117.91658,399,16648.86792934
p_901562,34.071472,-117.917084,400,16695.43854699
p_901562,34.071663,-117.917503,401,16739.53791344
p_901562,34.071793,-117.917877,402,16776.95135019
p_901562,34.071854,-117.918396,403,16825.33413576
p_901562,34.071911,-117.91935,404,16913.62160093
p_901562,34.071964,-117.91996,405,16970.23484553
p_901562,34.071892,-117.920105,406,16985.82102245
p_901562,34.071777,-117.920242,407,17003.7833126
p_901562,34.071537,-117.920525,408,17041.08104718
p_901562,34.071213,-117.920906,409,17091.36523333
p_901562,34.070328,-117.921921,410,17227.06775073
p_901562,34.070698,-117.922379,411,17285.98965215
p_901562,34.071049,-117.922806,412,17341.39231475
p_901562,34.071075,-117.922829,413,17344.97351701
p_901562,34.071144,-117.922752,414,17355.41856217
p_901562,34.071251,-117.92263,415,17371.77983643
p_901562,34.071144,-117.922752,416,17388.14111069
p_901562,34.071075,-117.922829,417,17398.58615585
p_901562,34.07095,-117.922958,418,17416.86304097
p_901562,34.070812,-117.923119,419,17438.19811127
p_901562,34.070782,-117.923218,420,17447.92363545
p_901562,34.070816,-117.923325,421,17458.4961423
p_901562,34.071053,-117.923584,422,17494.03045477
p_901562,34.071114,-117.923637,423,17502.38019251
p_901562,34.071049,-117.923721,424,17512.96824614
p_901562,34.070869,-117.923935,425,17541.05503514
p_901562,34.070377,-117.924522,426,17617.96003126
p_901562,34.070286,-117.92453,427,17628.08106073
p_901562,34.070011,-117.924896,428,17673.59942336
p_901562,34.069939,-117.925018,429,17687.40558033
p_901562,34.069931,-117.925034,430,17689.12860775
p_901562,34.069801,-117.925308,431,17718.24318545
p_901562,34.069721,-117.925583,432,17745.13455296
p_901562,34.069695,-117.925819,433,17767.10960839
p_901562,34.069695,-117.925926,434,17776.98670002
p_901562,34.069691,-117.926048,435,17788.25716797
p_901562,34.06971,-117.926262,436,17808.12345775
p_901562,34.069717,-117.926369,437,17818.03102028
p_901562,34.069744,-117.926735,438,17851.94868379
p_901562,34.069756,-117.926895,439,17866.77801704
p_901562,34.069813,-117.927071,440,17884.2113714
p_901562,34.069824,-117.927383,441,17913.03765616
p_901562,34.069828,-117.927391,442,17913.89917068
p_901562,34.069855,-117.927574,443,17931.05517466
p_901562,34.069897,-117.927696,444,17943.24247921
p_901562,34.069958,-117.927803,445,17955.21493922
p_901562,34.070019,-117.927986,446,17973.41222539
p_901562,34.069893,-117.928093,447,17990.52641648
p_901562,34.070007,-117.928253,448,18009.96966284
p_901562,34.070118,-117.928406,449,18028.70638263
p_901562,34.070168,-117.928352,450,18036.16340075
p_901562,34.070198,-117.928345,451,18039.55326441
p_901562,34.070248,-117.928337,452,18045.14839447
p_901562,34.070332,-117.928337,453,18054.46598159
p_901562,34.070469,-117.928329,454,18069.68045492
p_901718,34.075312,-117.935295,1,0
p_901718,34.075396,-117.935287,2,9.34680933
p_901718,34.075511,-117.935275,3,22.15103881
p_901718,34.075507,-117.934682,4,76.88849332
p_901718,34.075493,-117.934158,5,125.28017422
p_901718,34.075493,-117.933163,6,217.12163825
p_901718,34.0755,-117.93203,7,321.70379153
p_901718,34.075493,-117.931,8,416.77902661
p_901718,34.075493,-117.929987,9,510.28194426
p_901718,34.075497,-117.928926,10,608.21640768
p_901718,34.075499,-117.928019,11,691.93549858
p_901718,34.075502,-117.92716,12,771.22444881
p_901718,34.075504,-117.926376,13,843.59031583
p_901718,34.075502,-117.926234,14,856.69921465
p_901718,34.075486,-117.9253,15,942.92846225
p_901718,34.075479,-117.924443,16,1022.03593568
p_901718,34.075491,-117.923493,17,1109.73387613
p_901718,34.075505,-117.922298,18,1220.04686072
p_901718,34.075478,-117.921327,19,1309.72308023
p_901718,34.075485,-117.919973,20,1434.70374258
p_901718,34.075581,-117.919335,21,1494.54804763
p_901718,34.075592,-117.919205,22,1506.60929846
p_901718,34.0756,-117.918872,23,1537.35896029
p_901718,34.075585,-117.916966,24,1713.29610021
p_901718,34.075529278485,-117.916966808563,25,1719.47739026
p_901718,34.075554361427,-117.916574680488,26,1755.77873957
p_901718,34.0828523804982,-117.916555509404,27,2565.30480827
p_901718,34.0827451565711,-117.907821417992,28,3371.50598016
p_901718,34.0825214614551,-117.907841021159,29,3396.38498565
p_901718,34.0825204560612,-117.907921681742,30,3403.83041806
p_901718,34.0819578611658,-117.907881370748,31,3466.34643096
p_901718,34.0808880037072,-117.907881370748,32,3585.01914728
p_901718,34.0769296050007,-117.907828606144,33,4024.12682963
p_901718,34.0760488423029,-117.907842879299,34,4121.83322942
p_901718,34.0757207517503,-117.907892001543,35,4158.50762474
p_901718,34.0754879775731,-117.907868261365,36,4184.42062723
p_901718,34.0754705210567,-117.897800820822,37,5113.67754675
p_901718,34.0753287694693,-117.890512637997,38,5786.58300035
p_901718,34.0753028823878,-117.881471867005,39,6621.07977229
p_901718,34.0744265725426,-117.881343279825,40,6719.00529354
p_901718,34.071059839413,-117.881284443605,41,7092.49527897
p_901718,34.0710678421529,-117.880217944384,42,7190.94545971
p_901718,34.0715454895933,-117.879133328149,43,7304.21856568
p_901718,34.0715227445453,-117.877856501439,44,7422.10595797
p_901718,34.0715454895933,-117.877334787305,45,7470.33000979
p_901718,34.0714090191776,-117.877032742274,46,7502.05541899
p_901718,34.0711133325079,-117.87664832133,47,7550.37657518
p_901718,34.0705105834086,-117.875906938081,48,7646.05093051
p_901718,34.0698964572741,-117.875206742791,49,7739.95543987
p_901718,34.069521155784,-117.874274167025,50,7835.57830479
p_901718,34.0693619364653,-117.873395490582,51,7918.58905929
p_901718,34.0691456595153,-117.872601420076,52,7995.71549081
p_901718,34.0691007034904,-117.872191140494,53,8033.91523848
p_901718,34.0709380725745,-117.872461218936,54,8239.24207737
p_901718,34.0723644743196,-117.872544091487,55,8397.64862649
p_901718,34.0739571989146,-117.872560811754,56,8574.32628582
p_901718,34.0739571989146,-117.872962098151,57,8611.36688415
p_901718,34.0735140089908,-117.873263062948,58,8667.83359936
p_901718,34.0731539154712,-117.873597468279,59,8718.31361397
p_901718,34.0724891234116,-117.874132516809,60,8807.06580144
p_901718,34.0721982752458,-117.874550523472,61,8857.36104726
p_901718,34.0721428754815,-117.875185893601,62,8916.33095381
p_901718,34.0721705753678,-117.876072067728,63,8998.18835828
p_901718,34.0720931862037,-117.877345873067,64,9116.08197268
p_901718,34.0722108923992,-117.878645074329,65,9236.71546927
p_901718,34.0726312703321,-117.879660075315,66,9341.36893524
p_901718,34.0726312703321,-117.881162276774,67,9480.03126769
p_901718,34.0726407767812,-117.881563471151,68,9517.07895718
p_901718,34.0727148607798,-117.882051940465,69,9562.91036315
p_901718,34.0730453886002,-117.882622967973,70,9627.11673399
p_901718,34.0730282923652,-117.883297193223,71,9689.38041514
p_901718,34.0729485098896,-117.883668705095,72,9724.79658437
p_901718,34.0729485098896,-117.884088375914,73,9763.53460939
p_901718,34.0728573298259,-117.884590604927,74,9810.98371442
p_901718,34.0728356255136,-117.885139380242,75,9861.69606585
p_901718,34.0728413242716,-117.886412152398,76,9979.18209252
p_901718,34.0730065880961,-117.888372909502,77,10161.09728041
p_901718,34.0735068447496,-117.888585639709,78,10219.95944436
p_901718,34.0736128624918,-117.889927136063,79,10344.34353332
p_901718,34.0736318625623,-117.890148871278,80,10364.91902785
p_901718,34.0733658611886,-117.890202393571,81,10394.83563157
p_901718,34.0692341152605,-117.89020586463,82,10853.14418398
p_901718,34.0654045844924,-117.890225842304,83,11277.93353592
p_901718,34.0645944518825,-117.890184306896,84,11367.87809466
p_901718,34.0646451241206,-117.891652346939,85,11503.51638537
p_901718,34.0646380062441,-117.89216170201,86,11550.54399855
p_901718,34.0648779154572,-117.892174293478,87,11577.18095547
p_901718,34.0648737431286,-117.891748701858,88,11616.47195627
p_901718,34.0649344461678,-117.891743463758,89,11623.22269401
p_901718,34.064934,-117.891754,90,11624.19659947
p_901718,34.0650191095275,-117.891777243574,91,11633.87802521
p_901718,34.0650396791348,-117.892172757237,92,11670.46082519
p_901718,34.0650484946792,-117.892648083073,93,11714.35109683
p_901718,34.0649882551076,-117.892683555151,94,11721.7923228
p_901718,34.0648398598838,-117.892690649566,95,11738.26587265
p_901718,34.0646165319282,-117.892690649566,96,11763.03820357
p_901718,34.0646267790734,-117.893177481077,97,11807.99431376
p_901718,34.0646326561301,-117.893938357138,98,11878.23743039
p_901718,34.0646209020078,-117.894188435282,99,11901.36012319
p_901718,34.0646400024475,-117.894594590569,100,11938.91406381
p_901718,34.0646488180306,-117.894945764136,101,11971.3473065
p_901718,34.0646473487666,-117.895204710301,102,11995.25241013
p_901718,34.0646480675965,-117.895912225659,103,12060.56655596
p_901718,34.0646421905394,-117.896185360655,104,12085.78936908
p_901718,34.0646289671558,-117.896795480387,105,12142.13151826
p_901718,34.0646289671558,-117.8969391423,106,12155.39363351
p_901718,34.064653497403,-117.897938409204,107,12247.68082744
p_901718,34.0646868474995,-117.899041373434,108,12349.56783737
p_901718,34.0637567985444,-117.899060883079,109,12452.7478859
p_901718,34.0628987531576,-117.899079049655,110,12547.94008362
p_901718,34.061983960381,-117.899093948863,111,12649.42143498
p_901718,34.0613304207413,-117.899112255032,112,12721.93403552
p_901718,34.0610865790381,-117.899132938087,113,12749.04912269
p_901718,34.0610701862475,-117.899395357895,114,12773.34349888
p_901718,34.061058309742,-117.899787682429,115,12809.58631175
p_901718,34.0610742112222,-117.900783661614,116,12901.55065689
p_901718,34.0610851033767,-117.901840196491,117,12999.09597102
p_901718,34.0610832305919,-117.902937463535,118,13100.39434716
p_901718,34.0611044325573,-117.903963300766,119,13195.12739563
p_901718,34.0611203340276,-117.904931554616,120,13284.53261187
p_901718,34.0611276832563,-117.905833940167,121,13367.84353693
p_901718,34.0611333374166,-117.906772764773,122,13454.51673719
p_901718,34.0611280369275,-117.907182246577,123,13492.32407744
p_901718,34.0611192027788,-117.907436039986,124,13515.77440288
p_901718,34.061092,-117.907814,125,13550.79736182
p_901718,34.061092,-117.907951,126,13563.44500958
p_901718,34.061096,-117.908394,127,13604.34455376
p_901718,34.061111,-117.910133,128,13764.89519375
p_901718,34.061131,-117.910934,129,13838.87563499
p_901718,34.061138,-117.911789,130,13917.81181484
p_901718,34.061138,-117.912125,131,13948.83084661
p_901718,34.061142,-117.912392,132,13973.48389108
p_901718,34.061146,-117.912674,133,13999.52150014
p_901718,34.06115,-117.913277,134,14055.19134557
p_901718,34.061153,-117.914001,135,14122.03079133
p_901718,34.061165,-117.915131,136,14226.35921533
p_901718,34.061165,-117.915245,137,14236.88352634
p_901718,34.0611752400351,-117.915974841561,138,14304.2709868
p_901718,34.0611905644228,-117.916295471578,139,14333.91983623
p_901718,34.0611956725519,-117.916511280243,140,14353.85102129
p_901718,34.061210996936,-117.916696259099,141,14371.01237923
p_901718,34.0611956725519,-117.916702425061,142,14372.8049923
p_901718,34.0615072678166,-117.916702425061,143,14407.36822797
p_901718,34.062538,-117.916695,144,14521.70271107
p_901718,34.063904,-117.916679,145,14673.23145006
p_901718,34.064354,-117.916672,146,14723.15122796
p_901718,34.064808,-117.916664,147,14773.51593592
p_901718,34.065147,-117.916664,148,14811.11902282
p_901718,34.065708,-117.916672,149,14873.35152674
p_901718,34.066528,-117.916656,150,14964.32085442
p_901718,34.066582,-117.916649,151,14970.34548286
p_901718,34.067005,-117.916618,152,15017.35334855
p_901718,34.068417,-117.916603,153,15173.98360594
p_901718,34.070679,-117.91658,154,15424.90186841
p_901718,34.071453,-117.91658,155,15510.75678919
p_901718,34.071472,-117.917084,156,15557.32740684
p_901718,34.071663,-117.917503,157,15601.42677329
p_901718,34.071793,-117.917877,158,15638.84021004
p_901718,34.071854,-117.918396,159,15687.22299561
p_901718,34.071911,-117.91935,160,15775.51046078
p_901718,34.071964,-117.91996,161,15832.12370538
p_901718,34.071892,-117.920105,162,15847.7098823
p_901718,34.071777,-117.920242,163,15865.67217245
p_901718,34.071537,-117.920525,164,15902.96990703
p_901718,34.071213,-117.920906,165,15953.25409318
p_901718,34.070328,-117.921921,166,16088.95661058
p_901718,34.070698,-117.922379,167,16147.878512
p_901718,34.071049,-117.922806,168,16203.2811746
p_901718,34.071075,-117.922829,169,16206.86237686
p_901718,34.071144,-117.922752,170,16217.30742202
p_901718,34.071251,-117.92263,171,16233.66869628
p_901718,34.071144,-117.922752,172,16250.02997054
p_901718,34.071075,-117.922829,173,16260.4750157
p_901718,34.07095,-117.922958,174,16278.75190082
p_901718,34.070812,-117.923119,175,16300.08697112
p_901718,34.070782,-117.923218,176,16309.8124953
p_901718,34.070816,-117.923325,177,16320.38500215
p_901718,34.071053,-117.923584,178,16355.91931462
p_901718,34.071114,-117.923637,179,16364.26905236
p_901718,34.071049,-117.923721,180,16374.85710599
p_901718,34.070869,-117.923935,181,16402.94389499
p_901718,34.070377,-117.924522,182,16479.84889111
p_901718,34.070286,-117.92453,183,16489.96992058
p_901718,34.070011,-117.924896,184,16535.48828321
p_901718,34.069939,-117.925018,185,16549.29444018
p_901718,34.069931,-117.925034,186,16551.0174676
p_901718,34.069801,-117.925308,187,16580.1320453
p_901718,34.069721,-117.925583,188,16607.02341281
p_901718,34.069695,-117.925819,189,16628.99846824
p_901718,34.069695,-117.925926,190,16638.87555987
p_901718,34.069691,-117.926048,191,16650.14602782
p_901718,34.06971,-117.926262,192,16670.0123176
p_901718,34.069717,-117.926369,193,16679.91988013
p_901718,34.069744,-117.926735,194,16713.83754364
p_901718,34.069756,-117.926895,195,16728.66687689
p_901718,34.069813,-117.927071,196,16746.10023125
p_901718,34.069824,-117.927383,197,16774.92651601
p_901718,34.069828,-117.927391,198,16775.78803053
p_901718,34.069855,-117.927574,199,16792.94403451
p_901718,34.069897,-117.927696,200,16805.13133906
p_901718,34.069958,-117.927803,201,16817.10379907
p_901718,34.070019,-117.927986,202,16835.30108524
p_901718,34.069893,-117.928093,203,16852.41527633
p_901718,34.070007,-117.928253,204,16871.85852269
p_901718,34.070118,-117.928406,205,16890.59524248
p_901718,34.070168,-117.928352,206,16898.0522606
p_901718,34.070198,-117.928345,207,16901.44212426
p_901718,34.070248,-117.928337,208,16907.03725432
p_901718,34.070332,-117.928337,209,16916.35484144
p_901718,34.070469,-117.928329,210,16931.56931477
p_901721,34.0704725853577,-117.92841917878,1,0
p_901721,34.0696973353696,-117.926804530401,2,172.07469253
p_901721,34.0678752570509,-117.927081499861,3,375.796935
p_901721,34.068562319874,-117.92947827579,4,609.80350836
p_901721,34.0686892803063,-117.932863821618,5,922.64183281
p_901721,34.0688062782081,-117.935085502354,6,1128.13604861
p_901721,34.0686489106365,-117.936822266237,7,1289.40476607
p_901721,34.0685427746776,-117.937692422075,8,1370.58743744
p_901721,34.0688091490848,-117.93809933214,9,1418.37805647
p_901721,34.0701046363586,-117.937001856121,10,1594.19883247
p_901721,34.072753075978,-117.93602611989,11,1901.47026758
p_901721,34.0740254838638,-117.935493133423,12,2050.93915187
p_901721,34.0743373854683,-117.935387033801,13,2086.89585163
p_901721,34.0751869023712,-117.935225081443,14,2182.30580657
p_901721,34.075312,-117.935295,15,2197.60946631
p_901721,34.075396,-117.935287,16,2206.95627564
p_901721,34.075511,-117.935275,17,2219.76050512
p_901721,34.075507,-117.934682,18,2274.49795963
p_901721,34.075493,-117.934158,19,2322.88964053
p_901721,34.075493,-117.933163,20,2414.73110456
p_901721,34.0755,-117.93203,21,2519.31325784
p_901721,34.075493,-117.931,22,2614.38849292
p_901721,34.075493,-117.929987,23,2707.89141057
p_901721,34.075497,-117.928926,24,2805.82587399
p_901721,34.075499,-117.928019,25,2889.54496489
p_901721,34.075502,-117.92716,26,2968.83391512
p_901721,34.075504,-117.926376,27,3041.19978214
p_901721,34.075502,-117.926234,28,3054.30868096
p_901721,34.075486,-117.9253,29,3140.53792856
p_901721,34.075479,-117.924443,30,3219.64540199
p_901721,34.075491,-117.923493,31,3307.34334244
p_901721,34.075505,-117.922298,32,3417.65632703
p_901721,34.075478,-117.921327,33,3507.33254654
p_901721,34.075485,-117.919973,34,3632.31320889
p_901721,34.075581,-117.919335,35,3692.15751394
p_901721,34.075592,-117.919205,36,3704.21876477
p_901721,34.0756,-117.918872,37,3734.9684266
p_901721,34.075585,-117.916966,38,3910.90556652
p_901721,34.075529278485,-117.916966808563,39,3917.08685657
p_901721,34.075554361427,-117.916574680488,40,3953.38820588
p_901721,34.0828523804982,-117.916555509404,41,4762.91427458
p_901721,34.0827451565711,-117.907821417992,42,5569.11544647
p_901721,34.0825214614551,-117.907841021159,43,5593.99445196
p_901721,34.0825204560612,-117.907921681742,44,5601.43988437
p_901721,34.0819578611658,-117.907881370748,45,5663.95589727
p_901721,34.0808880037072,-117.907881370748,46,5782.62861359
p_901721,34.0769296050007,-117.907828606144,47,6221.73629594
p_901721,34.0760488423029,-117.907842879299,48,6319.44269573
p_901721,34.0757207517503,-117.907892001543,49,6356.11709105
p_901758,34.071157,-117.935382,1,0
p_901758,34.071089,-117.935449,2,9.75415126
p_901758,34.070961,-117.935573,3,27.99160013
p_901758,34.070922,-117.93562,4,34.11832969
p_901758,34.0707613349394,-117.935810398774,5,59.14831768
p_901758,34.0706293624617,-117.935972505735,6,80.08182709
p_901758,34.0705119135557,-117.936050283146,7,94.95698941
p_901758,34.0704610907283,-117.936037032954,8,100.72560029
p_901758,34.0704024270387,-117.935992633556,9,108.41590262
p_901758,34.0702955247491,-117.935911377058,10,122.44701267
p_901758,34.0702222768055,-117.935913766955,11,130.57493677
p_901758,34.070133191385,-117.935944835616,12,140.86437356
p_901758,34.0703235064892,-117.936232242113,13,174.76862222
p_901758,34.0703984676968,-117.93639413625,14,191.87032473
p_901758,34.070564759887,-117.936955762042,15,246.89686162
p_901758,34.0700220542949,-117.937214820529,16,311.67149851
p_901758,34.0696260783467,-117.937491297282,17,362.47087442
p_901758,34.0695095831362,-117.937633326155,18,380.87923743
p_901758,34.06886898981,-117.938270182538,19,473.10249406
p_901758,34.0687538071723,-117.938120558164,20,491.91753628
p_901758,34.0686862983367,-117.937993786051,21,505.8107213
p_901758,34.0685901417954,-117.937797089224,22,526.86890031
p_901758,34.068564782297,-117.937660556498,23,539.78240155
p_901758,34.0685527807031,-117.937537406445,24,551.22812796
p_901758,34.068555,-117.937532,25,551.78461105
p_901758,34.068555,-117.937527,26,552.24616357
p_901758,34.068568,-117.937429,27,561.40679982
p_901758,34.068594,-117.937224,28,580.54895157
p_901758,34.068644,-117.936674,29,631.6217238
p_901758,34.06868,-117.936391,30,658.0490024
p_901758,34.068716,-117.936105,31,684.75005419
p_901758,34.068726,-117.935956,32,698.54894817
p_901758,34.068683,-117.93563,33,729.01777087
p_901758,34.068692,-117.935422,34,748.24426138
p_901758,34.068695,-117.93534,35,755.82102155
p_901758,34.068709,-117.934743,36,810.95217298
p_901758,34.068715,-117.934535,37,830.16425363
p_901758,34.068776,-117.934339,38,849.48091607
p_901758,34.068756,-117.934044,39,876.80266399
p_901758,34.068719,-117.93345,40,931.788369
p_901758,34.068708,-117.933272,41,948.26484947
p_901758,34.068704,-117.933211,42,953.91323383
p_901758,34.0687,-117.933149,43,959.65364814
p_901758,34.068644,-117.932368,44,1032.01516179
p_901758,34.068627,-117.932108,45,1056.08983459
p_901758,34.068607,-117.931575,46,1105.34128692
p_901758,34.068627,-117.931311,47,1129.81201108
p_901758,34.068651,-117.930988,48,1159.74688527
p_901758,34.06863,-117.930625,49,1193.33643234
p_901758,34.068619,-117.930441,50,1210.3653211
p_901758,34.06861,-117.930259,51,1227.1954556
p_901758,34.068579,-117.929807,52,1269.06123845
p_901758,34.068518,-117.929532,53,1295.33292328
p_901758,34.068433,-117.929084,54,1337.74924949
p_901758,34.068298,-117.928614,55,1383.64684425
p_901758,34.068131,-117.928146,56,1430.65233595
p_901758,34.068102,-117.927874,57,1455.96614279
p_901758,34.06808,-117.927807,58,1462.61500541
p_901758,34.068022,-117.927633,59,1479.91768173
p_901758,34.067839,-117.92708,60,1534.85361772
p_901758,34.06765,-117.927107,61,1555.96581723
p_901758,34.067472,-117.927125,62,1575.780013
p_901758,34.067354,-117.927138,63,1588.92389608
p_901758,34.067108,-117.927165,64,1616.32469481
p_901758,34.066742,-117.927235,65,1657.43377096
p_901758,34.066447,-117.927335,66,1691.43341113
p_901758,34.065794,-117.927555,67,1766.65976828
p_901758,34.065479,-117.927699,68,1804.04394379
p_901758,34.065461,-117.927711,69,1806.32728658
p_901758,34.065242,-117.927865,70,1834.47366528
p_901758,34.065228,-117.927878,71,1836.4362634
p_901758,34.065212,-117.927892,72,1838.63174178
p_901758,34.065111,-117.927982,73,1852.57953516
p_901758,34.065071,-117.928018,74,1858.12307829
p_901758,34.064873,-117.928249,75,1888.7352821
p_901758,34.064771,-117.928367,76,1904.44105134
p_901758,34.064738,-117.928405,77,1909.51104622
p_901758,34.064676,-117.928472,78,1918.76047686
p_901758,34.064599,-117.928554,79,1930.17330478
p_901758,34.064519,-117.928639,80,1942.01887281
p_901758,34.064448,-117.928715,81,1952.56628787
p_901758,34.064382,-117.928788,82,1962.51668581
p_901758,34.064356,-117.928814,83,1966.26881111
p_901758,34.064159,-117.929032,84,1995.97589803
p_901758,34.063444,-117.929817,85,2103.40824603
p_901758,34.063033,-117.930268,86,2165.14844329
p_901758,34.062893,-117.930428,87,2186.5804539
p_901758,34.062512,-117.93086,88,2244.68853783
p_901758,34.062136,-117.931264,89,2300.63939546
p_901758,34.06198,-117.931436,90,2324.12473696
p_901758,34.061785,-117.93165,91,2353.41910321
p_901758,34.061629,-117.93182,92,2376.78005035
p_901758,34.061563,-117.931729,93,2387.92330655
p_901758,34.061416,-117.93142,94,2420.78100219
p_901758,34.061381,-117.931292,95,2433.21915801
p_901758,34.061317,-117.931055,96,2456.22148895
p_901758,34.061316,-117.930954,97,2465.54630241
p_901758,34.061313,-117.930749,98,2484.47449069
p_901758,34.061304,-117.930174,99,2537.56693546
p_901758,34.061301,-117.929967,100,2556.67973488
p_901758,34.0613,-117.929757,101,2576.06691006
p_901758,34.06128,-117.928682,102,2675.33396367
p_901758,34.061286,-117.927674,103,2768.39328043
p_901758,34.061277,-117.926617,104,2865.97892662
p_901758,34.06127,-117.926064,105,2917.0369062
p_901758,34.061267,-117.925759,106,2945.19598619
p_901758,34.061263,-117.925431,107,2975.47967492
p_901758,34.061259,-117.925093,108,3006.68645306
p_901758,34.061257,-117.924958,109,3019.15141366
p_901758,34.061251,-117.924501,110,3061.34618126
p_901758,34.061242,-117.923628,111,3141.94635279
p_901758,34.06124,-117.92311,112,3189.76781683
p_901758,34.061238,-117.922399,113,3255.40660073
p_901758,34.061237,-117.922199,114,3273.87062173
p_901758,34.061235,-117.921591,115,3330.00067207
p_901758,34.061228,-117.921065,116,3378.56638185
p_901758,34.061225,-117.920821,117,3401.09454175
p_901758,34.061221,-117.920501,118,3430.63977904
p_901758,34.061213,-117.919939,119,3482.5303425
p_901758,34.061205,-117.919443,120,3528.32890136
p_901758,34.061202,-117.918962,121,3572.73533514
p_901758,34.061201,-117.918823,122,3585.568083
p_901758,34.061198,-117.918391,123,3625.45105475
p_901758,34.061181,-117.917197,124,3735.69546146
p_901758,34.061179,-117.917041,125,3750.09885627
p_901758,34.061175,-117.916706,126,3781.02873792
p_901758,34.062537,-117.916691,127,3932.11289622
p_901758,34.063902,-117.916676,128,4083.52984453
p_901758,34.064354,-117.916674,129,4133.66762674
p_901758,34.064807,-117.916667,130,4183.92015123
p_901758,34.065149,-117.916661,131,4221.86005213
p_901758,34.065708,-117.916671,132,4283.87319822
p_901758,34.066527,-117.916655,133,4374.73161695
p_901758,34.06658,-117.91665,134,4380.62865826
p_901758,34.066828,-117.916633,135,4408.18243497
p_901758,34.067006,-117.916621,136,4427.95788525
p_901758,34.068418,-117.916605,137,4584.58898594
p_901758,34.070679,-117.91658,138,4835.39795952
p_901758,34.071453,-117.91658,139,4921.2528803
p_901758,34.072239,-117.916555,140,5008.46943106
p_901758,34.072883,-117.916548,141,5079.90721431
p_901758,34.073281,-117.916535,142,5124.07115474
p_901758,34.073797,-117.916544,143,5181.31382017
p_901758,34.074686,-117.916551,144,5279.92713087
p_901758,34.075445,-117.916537,145,5364.12816825
p_901758,34.075581,-117.916535,146,5379.21492783
p_901758,34.076432,-117.91652,147,5473.6212004
p_901758,34.077319,-117.91652,148,5572.0105891
p_901758,34.078195,-117.916529,149,5669.18338103
p_901758,34.07919,-117.916546,150,5779.56372328
p_901758,34.080081,-117.916535,151,5878.40206626
p_901758,34.080964,-117.916543,152,5976.35060125
p_901758,34.081881,-117.916535,153,6078.07045852
p_901758,34.082622,-117.916572,154,6160.33595771
p_901758,34.082835,-117.916583,155,6183.98454698
p_901758,34.083383,-117.916587,156,6244.77195869
p_901758,34.083662,-117.916589,157,6275.72027602
p_901758,34.083868,-117.91659,158,6298.57078579
p_901758,34.084169,-117.916593,159,6331.96002908
p_901758,34.084358,-117.916584,160,6352.94109687
p_901758,34.084799,-117.916564,161,6401.89335693
p_901758,34.084903,-117.916564,162,6413.42944456
p_901758,34.08506,-117.916565,163,6430.84474485
p_901758,34.086057,-117.916584,164,6541.44980676
p_901758,34.086261,-117.916588,165,6564.08130229
p_901758,34.086396,-117.916591,166,6579.05859443
p_901758,34.086512,-117.916593,167,6591.92709632
p_901758,34.086521,-117.917699,168,6694.00584624
p_901758,34.086522,-117.91788,169,6710.71088815
p_901758,34.08653,-117.918894,170,6804.29817918
p_901758,34.086538,-117.919836,171,6891.24083089
p_901758,34.086549,-117.921277,172,7024.23774572
p_901758,34.086566,-117.923319,173,7212.70535163
p_901758,34.086568,-117.923511,174,7230.42660563
p_901758,34.086569,-117.923696,175,7247.50079421
p_901758,34.086569,-117.92537,176,7401.99586632
p_901758,34.086573,-117.925521,177,7415.93886287
p_901758,34.086575,-117.925761,178,7438.08980366
p_901758,34.086579,-117.926273,179,7485.34485535
p_901758,34.086593,-117.927143,180,7565.65299326
p_901758,34.086592,-117.927559,181,7604.04618351
p_901758,34.086598,-117.928278,182,7670.40670317
p_901758,34.086602,-117.928761,183,7714.98543019
p_901758,34.086613,-117.929602,184,7792.61168509
p_901758,34.086638,-117.930249,185,7852.38825665
p_901758,34.086774,-117.933371,186,8140.91482705
p_901758,34.086798,-117.933917,187,8191.37583751
p_901758,34.086807,-117.934136,188,8211.61214284
p_901758,34.086824,-117.934474,189,8242.86334191
p_901758,34.086837,-117.934706,190,8264.32328266
p_901758,34.086858,-117.935117,191,8302.32620227
p_901758,34.086868,-117.935311,192,8320.26491495
p_901758,34.086879,-117.935532,193,8340.69760909
p_901758,34.086911,-117.936142,194,8397.10667061
p_901758,34.086992,-117.938134,195,8581.16886673
p_901758,34.087009,-117.938489,196,8613.98621421
p_901758,34.08715,-117.941447,197,8887.42890439
p_901758,34.08717,-117.941865,198,8926.06999561
p_901758,34.087048,-117.941876,199,8939.64074413
p_901758,34.086801,-117.941902,200,8967.14383814
p_901758,34.086388,-117.941945,201,9013.12699827
p_901758,34.085879,-117.941984,202,9069.7018993
p_901758,34.085582,-117.942019,203,9102.80429144
p_901758,34.085227,-117.942062,204,9142.38175982
p_901758,34.084857,-117.942087,205,9183.48841718
p_901758,34.083812,-117.942182,206,9299.73503221
p_901758,34.082902,-117.942276,207,9401.04791798
p_901758,34.082874,-117.942079,208,9419.49338943
p_901758,34.082838,-117.941795,209,9446.00760086
p_901758,34.082756,-117.939468,210,9660.97071615
p_901758,34.082708,-117.938765,211,9726.07228149
p_901758,34.082687,-117.938467,212,9753.67470631
p_901758,34.082883,-117.937481,213,9847.23863763
p_901758,34.082906,-117.937258,214,9867.9779309
p_901758,34.082864,-117.936517,215,9936.52699275
p_901758,34.082852,-117.936131,216,9972.1777166
p_901758,34.082826,-117.935294,217,10049.48245598
p_901758,34.082824,-117.935221,218,10056.22364423
p_901758,34.082822,-117.935156,219,10062.22692154
p_901758,34.08282,-117.935108,220,10066.66263418
p_901758,34.082812,-117.934851,221,10090.3990516
p_901758,34.082803,-117.934546,222,10118.56673668
p_901758,34.082685,-117.934636,223,10134.06903761
p_901758,34.082486,-117.934659,224,10156.24472652
p_901758,34.082439,-117.934665,225,10161.48747722
p_901758,34.082273,-117.934683,226,10179.97563358
p_901758,34.08226,-117.934685,227,10181.42941065
p_901758,34.082037,-117.934709,228,10206.26441622
p_901758,34.08198,-117.934715,229,10212.61128181
p_901758,34.081462,-117.93477,230,10270.29364458
p_901758,34.081233,-117.934795,231,10295.79979234
p_901758,34.081216,-117.934797,232,10297.69451133
p_901758,34.079549,-117.93498,233,10483.37437213
p_901758,34.079242,-117.93501,234,10517.54037441
p_901758,34.079074,-117.935028,235,10536.24948753
p_901758,34.0788551957997,-117.935053743549,236,10560.6361178
p_901758,34.0788616385391,-117.935051798905,237,10561.37296624
p_901758,34.078751,-117.935063,238,10573.68888448
p_901758,34.07725,-117.935225,239,10740.85558291
p_901758,34.076599,-117.935295,240,10813.35543786
p_901758,34.075893,-117.935365,241,10891.933702
p_901758,34.075512,-117.935403,242,10934.34095412
p_901758,34.075396,-117.935413,243,10947.24117355
p_901758,34.075189,-117.935433,244,10970.27648063
p_901758,34.074949,-117.935457,245,10996.99019047
p_901758,34.074539,-117.935505,246,11042.68422868
p_901758,34.074161,-117.935544,247,11084.76764947
p_901758,34.073926,-117.935621,248,11111.78631449
p_901758,34.073791,-117.935603,249,11126.85290811
p_901758,34.073476,-117.935722,250,11163.47975841
p_901758,34.072805,-117.936015,251,11242.67102361
p_901758,34.072371,-117.936192,252,11293.50881547
p_901758,34.072192,-117.936272,253,11314.69290511
p_901758,34.072001,-117.936357,254,11337.28549999
p_901758,34.071907,-117.936438,255,11350.11601168
p_901758,34.071308,-117.936692,256,11420.57469619
p_901758,34.071149,-117.936756,257,11439.17468907
p_901758,34.071001,-117.936816,258,11456.50047197
p_901758,34.070575,-117.936988,259,11506.34994859
p_901758,34.070288,-117.937109,260,11540.0875652
p_901758,34.070094,-117.937191,261,11562.89918583
p_901758,34.069983,-117.937239,262,11575.98469337
p_901758,34.069704,-117.937397,263,11610.19693569
p_901758,34.06958,-117.937511,264,11627.51531361
p_901758,34.069386,-117.937691,265,11654.70275907
p_901758,34.068859,-117.938237,266,11731.88742826
p_901758,34.068566,-117.938546,267,11775.12980282
p_901758,34.0685620279482,-117.938546526403,268,11775.57306869
p_901758,34.0680374337888,-117.939123549251,269,11854.46076432
p_901758,34.0671253168485,-117.940117352305,270,11991.03521024
p_901758,34.0619814016302,-117.945479078186,271,12746.38631681
p_901758,34.0569376367627,-117.950907460953,272,13497.4924113
p_901758,34.0558758584672,-117.95198000607,273,13651.3638539
p_901758,34.0554074947868,-117.952481768717,274,13720.97035907
p_901758,34.0547481298235,-117.95319020693,275,13819.08937226
p_901758,34.0539606058969,-117.954041979154,276,13936.62750334
p_901758,34.0539522311737,-117.954049033842,277,13937.76204641
p_901758,34.0538746308757,-117.954136006035,278,13949.53363879
p_901758,34.0539626414339,-117.954287562748,279,13966.5952953
p_901758,34.0546504388177,-117.955349028175,280,14090.79171205
p_901758,34.0572916200586,-117.958729428327,281,14518.8483512
p_901758,34.0588982666246,-117.957156157508,282,14748.7554372
p_901758,34.0611611498888,-117.954741145185,283,15084.48246046
p_901758,34.0667553757637,-117.948770381964,284,15914.46673488
p_901758,34.0691146254161,-117.946238782835,285,16265.32049324
p_901758,34.070494273128,-117.944889706985,286,16462.62257475
p_901758,34.0710768223373,-117.945489296249,287,16547.70390695
p_901758,34.0720563518384,-117.946105540772,288,16670.34667282
p_901758,34.0733371253138,-117.946589873152,289,16819.28307322
p_901758,34.0742542583648,-117.946497421852,290,16921.3721769
p_901758,34.0744032932347,-117.94644720991,291,16938.54109508
p_901758,34.0744552820813,-117.946355154682,292,16948.8102859
p_901758,34.074396,-117.946383,293,16955.87053611
p_901758,34.074395,-117.946358,294,16958.18080479
p_901758,34.074418,-117.946212,295,16971.89657675
p_901758,34.074466,-117.946101,296,16983.4431835
p_901758,34.074566,-117.945986,297,16998.79630093
p_901758,34.074531,-117.945942,298,17004.41477649
p_901758,34.074458,-117.945851,299,17016.08194677
p_901758,34.074413,-117.945794,300,17023.33435313
p_901758,34.074352,-117.945717,301,17033.14755385
p_901758,34.074302,-117.94566,302,17040.79228424
p_901758,34.07407,-117.945361,303,17078.52767928
p_901758,34.073749,-117.944957,304,17130.08783668
p_901758,34.073504,-117.944648,305,17169.48416108
p_901758,34.073423,-117.944546,306,17182.49844736
p_901758,34.073389,-117.9445,307,17188.17756441
p_901758,34.073348,-117.944445,308,17194.99349751
p_901758,34.073103,-117.944114,309,17235.88412829
p_901758,34.072478,-117.943216,310,17343.94497113
p_901758,34.071904,-117.942369,311,17444.77442289
p_901758,34.071673,-117.942024,312,17485.64885708
p_901758,34.071352,-117.941572,313,17540.4997742
p_901758,34.071243,-117.941417,314,17559.23193618
p_901758,34.071123,-117.941262,315,17578.77390046
p_901758,34.070983,-117.941087,316,17601.18164269
p_901758,34.070572,-117.940555,317,17668.18910822
p_901758,34.070252,-117.940121,318,17721.71377673
p_901758,34.070201,-117.940052,319,17730.23262826
p_901758,34.069879,-117.939616,320,17784.0427467
p_901758,34.069656,-117.939314,321,17821.31225718
p_901758,34.06935,-117.938901,322,17872.35662601
p_901758,34.069279,-117.938779,323,17886.09898553
p_901758,34.068859,-117.938237,324,17954.46297461
p_901758,34.068771,-117.93814,325,17967.70904311
p_901758,34.069087,-117.937827,326,18013.13417253
p_901758,34.069205,-117.93771,327,18030.10376647
p_901758,34.069533,-117.937385,328,18077.26049386
p_901758,34.069881,-117.937153,329,18121.40462733
p_901758,34.069961,-117.937118,330,18130.84836225
p_901758,34.070549,-117.936865,331,18200.12655203
p_901758,34.07036,-117.936279,332,18258.13981481
p_901758,34.070303,-117.9362,333,18267.79148071
p_901758,34.070121,-117.935946,334,18298.73164562
p_901758,34.070276,-117.935896,335,18316.53353381
p_901758,34.070345,-117.935942,336,18325.28623598
p_901758,34.070446,-117.936023,337,18338.75542532
p_901758,34.070525,-117.936028,338,18347.53054064
p_901758,34.070612,-117.935981,339,18358.11127428
p_901758,34.070674,-117.935918,340,18367.11771095
p_901758,34.070922,-117.93562,341,18406.02051584
p_901758,34.070961,-117.935573,342,18412.1472454
p_901758,34.071089,-117.935449,343,18430.38469427
p_901758,34.071157,-117.935382,344,18440.13884553
p_901759,34.0867376252017,-117.941974743532,1,0
p_901759,34.086675674513,-117.941943799376,2,7.44162546
p_901759,34.0829105837363,-117.942263547625,3,426.12156041
p_901759,34.0828080713183,-117.941149588981,4,529.56126802
p_901759,34.0826713879016,-117.938447207826,5,779.43824453
p_901759,34.0828934983415,-117.937333249183,6,885.16189357
p_901759,34.0828080713183,-117.934630868028,7,1134.75809522
p_901759,34.079548,-117.934982,8,1497.82708191
p_901759,34.079243,-117.935013,9,1531.77962472
p_901759,34.079075,-117.935028,10,1550.46618465
p_901759,34.078922,-117.935043,11,1567.49390634
p_901759,34.078751,-117.935066,12,1586.58030436
p_901759,34.076599,-117.935295,13,1826.22227306
p_901759,34.075893,-117.935364,14,1904.79300144
p_901759,34.075512,-117.935402,15,1947.20025356
p_901759,34.075397,-117.93541,16,1959.97783959
p_901759,34.074947,-117.935455,17,2010.06604596
p_901759,34.074539,-117.935509,18,2055.596584
p_901759,34.074162,-117.935547,19,2097.56167287
p_901759,34.073925,-117.935623,20,2124.77048989
p_901759,34.073792,-117.9356,21,2139.6753178
p_901759,34.073475,-117.935722,22,2176.59737926
p_901759,34.072803,-117.936012,23,2255.79888712
p_901759,34.072372,-117.936195,24,2306.50348397
p_901759,34.072193,-117.936272,25,2327.59264008
p_901759,34.072002,-117.936356,26,2350.15334429
p_901759,34.071907,-117.93644,27,2363.236355
p_901759,34.071308,-117.936691,28,2433.60337488
p_901759,34.071148,-117.936752,29,2452.22297398
p_901759,34.070999,-117.936813,30,2469.68344556
p_901759,34.070576,-117.936989,31,2519.33717463
p_901759,34.070095,-117.937187,32,2575.73514785
p_901759,34.069984,-117.937241,33,2589.01841995
p_901759,34.069702,-117.937393,34,2623.30159726
p_901759,34.06958,-117.937508,35,2640.50113019
p_901759,34.069386,-117.937691,36,2667.85869965
p_901759,34.068859,-117.93824,37,2745.22448681
p_901759,34.068569,-117.938545,38,2787.97323046
p_901759,34.0685620279482,-117.938546526403,39,2788.75932681
p_901759,34.0680374337888,-117.939123549251,40,2867.64702244
p_901759,34.0671253168485,-117.940117352305,41,3004.22146836
p_901759,34.0619814016302,-117.945479078186,42,3759.57257493
p_901759,34.0569376367627,-117.950907460953,43,4510.67866942
p_901759,34.0558758584672,-117.95198000607,44,4664.55011202
p_901759,34.0554074947868,-117.952481768717,45,4734.15661719
p_901759,34.0547481298235,-117.95319020693,46,4832.27563038
p_901759,34.0539606058969,-117.954041979154,47,4949.81376146
p_901759,34.0539522311737,-117.954049033842,48,4950.94830453
p_901759,34.0538746308757,-117.954136006035,49,4962.71989691
p_901759,34.0539626414339,-117.954287562748,50,4979.78155342
p_901759,34.0546504388177,-117.955349028175,51,5103.97797017
p_901759,34.0572916200586,-117.958729428327,52,5532.03460932
p_901759,34.0588982666246,-117.957156157508,53,5761.94169532
p_901759,34.0611611498888,-117.954741145185,54,6097.66871858
p_901759,34.0667553757637,-117.948770381964,55,6927.652993
p_901759,34.0691146254161,-117.946238782835,56,7278.50675136
p_901759,34.070494273128,-117.944889706985,57,7475.80883287
p_901759,34.0710768223373,-117.945489296249,58,7560.89016507
p_901759,34.0720563518384,-117.946105540772,59,7683.53293094
p_901759,34.0733371253138,-117.946589873152,60,7832.46933134
p_901759,34.0742542583648,-117.946497421852,61,7934.55843502
p_901759,34.0744032932347,-117.94644720991,62,7951.7273532
p_901759,34.0744552820813,-117.946355154682,63,7961.99654402
p_901759,34.074396,-117.946383,64,7969.05679423
p_901759,34.074397,-117.946429,65,7973.30423463
p_901759,34.074397,-117.946477,66,7977.73483468
p_901759,34.074409,-117.946475,67,7979.07866015
p_901759,34.074458,-117.946466,68,7984.57704229
p_901759,34.07453,-117.946438,69,7992.97132802
p_901759,34.074622,-117.946345,70,8006.30667098
p_901759,34.07474,-117.946206,71,8024.63525278
p_901759,34.074768,-117.946094,72,8035.42974783
p_901759,34.074761,-117.945828,73,8059.99482496
p_901759,34.07474,-117.944867,74,8148.72934185
p_901759,34.074718,-117.944095,75,8220.02965477
p_901759,34.074713,-117.943953,76,8233.14852642
p_901759,34.074696,-117.943027,77,8318.64267545
p_901759,34.076609,-117.942859,78,8531.40566383
p_901759,34.077382,-117.942794,79,8617.35938571
p_901759,34.077501,-117.942778,80,8630.64167255
p_901759,34.078316,-117.942687,81,8721.4339172
p_901759,34.079941,-117.942554,82,8902.10264737
p_901759,34.080904,-117.942451,83,9009.34450353
p_901759,34.081684,-117.942385,84,9096.07928784
p_901759,34.081932,-117.942369,85,9123.62801468
p_901759,34.082902,-117.942276,86,9231.56600423
p_901759,34.082874,-117.942079,87,9250.01147568
p_901759,34.082838,-117.941795,88,9276.52568711
p_901759,34.082756,-117.939468,89,9491.4888024
p_901759,34.082708,-117.938765,90,9556.59036774
p_901759,34.082687,-117.938467,91,9584.19279256
p_901759,34.082883,-117.937481,92,9677.75672388
p_901759,34.082906,-117.937258,93,9698.49601715
p_901759,34.082864,-117.936517,94,9767.045079
p_901759,34.082852,-117.936131,95,9802.69580285
p_901759,34.082826,-117.935294,96,9880.00054223001
p_901759,34.082824,-117.935221,97,9886.74173048001
p_901759,34.082822,-117.935156,98,9892.74500779
p_901759,34.08282,-117.935108,99,9897.18072043
p_901759,34.082812,-117.934851,100,9920.91713785
p_901759,34.082803,-117.934546,101,9949.08482293
p_901759,34.082685,-117.934636,102,9964.58712386
p_901759,34.082486,-117.934659,103,9986.76281277
p_901759,34.082439,-117.934665,104,9992.00556347
p_901759,34.082273,-117.934683,105,10010.49371983
p_901759,34.08226,-117.934685,106,10011.9474969
p_901759,34.082037,-117.934709,107,10036.78250247
p_901759,34.08198,-117.934715,108,10043.12936806
p_901759,34.081462,-117.93477,109,10100.81173083
p_901759,34.081233,-117.934795,110,10126.31787859
p_901759,34.081216,-117.934797,111,10128.21259758
p_901759,34.079549,-117.93498,112,10313.89245838
p_901759,34.079242,-117.93501,113,10348.05846066
p_901759,34.079074,-117.935028,114,10366.76757378
p_901759,34.0788551957997,-117.935053743549,115,10391.15420405
p_901759,34.0788616385391,-117.935051798905,116,10391.89105249
p_901759,34.078751,-117.935063,117,10404.20697073
p_901759,34.07725,-117.935225,118,10571.37366916
p_901759,34.076599,-117.935295,119,10643.87352411
p_901759,34.075893,-117.935365,120,10722.45178825
p_901759,34.075512,-117.935403,121,10764.85904037
p_901759,34.075396,-117.935413,122,10777.7592598
p_901759,34.075189,-117.935433,123,10800.79456688
p_901759,34.074949,-117.935457,124,10827.50827672
p_901759,34.074539,-117.935505,125,10873.20231493
p_901759,34.074161,-117.935544,126,10915.28573572
p_901759,34.073926,-117.935621,127,10942.30440074
p_901759,34.073791,-117.935603,128,10957.37099436
p_901759,34.073476,-117.935722,129,10993.99784466
p_901759,34.072805,-117.936015,130,11073.18910986
p_901759,34.072371,-117.936192,131,11124.02690172
p_901759,34.072192,-117.936272,132,11145.21099136
p_901759,34.072001,-117.936357,133,11167.80358624
p_901759,34.071907,-117.936438,134,11180.63409793
p_901759,34.071308,-117.936692,135,11251.09278244
p_901759,34.071149,-117.936756,136,11269.69277532
p_901759,34.071001,-117.936816,137,11287.01855822
p_901759,34.070575,-117.936988,138,11336.86803484
p_901759,34.070288,-117.937109,139,11370.60565145
p_901759,34.070094,-117.937191,140,11393.41727208
p_901759,34.069983,-117.937239,141,11406.50277962
p_901759,34.069704,-117.937397,142,11440.71502194
p_901759,34.06958,-117.937511,143,11458.03339986
p_901759,34.069386,-117.937691,144,11485.22084532
p_901759,34.068859,-117.938237,145,11562.40551451
p_901759,34.068771,-117.93814,146,11575.65158301
p_901759,34.069087,-117.937827,147,11621.07671243
p_901759,34.069205,-117.93771,148,11638.04630637
p_901759,34.069533,-117.937385,149,11685.20303376
p_901759,34.069881,-117.937153,150,11729.34716723
p_901759,34.069961,-117.937118,151,11738.79090215
p_901759,34.070549,-117.936865,152,11808.06909193
p_901759,34.07036,-117.936279,153,11866.08235471
p_901759,34.070303,-117.9362,154,11875.73402061
p_901759,34.070121,-117.935946,155,11906.67418552
p_901759,34.070276,-117.935896,156,11924.47607371
p_901759,34.070345,-117.935942,157,11933.22877588
p_901759,34.070446,-117.936023,158,11946.69796522
p_901759,34.070525,-117.936028,159,11955.47308054
p_901759,34.070612,-117.935981,160,11966.05381418
p_901759,34.070674,-117.935918,161,11975.06025085
p_901759,34.070922,-117.93562,162,12013.96305574
p_901759,34.070961,-117.935573,163,12020.0897853
p_901759,34.071089,-117.935449,164,12038.32723417
p_901759,34.071157,-117.935382,165,12048.08138543
p_901761,34.002004,-117.88092,1,0
p_901761,34.002017,-117.881097,2,16.41518041
p_901761,34.002079,-117.881577,3,61.28893154
p_901761,34.002137,-117.88203,4,103.62983008
p_901761,34.002222,-117.882486,5,146.79842148
p_901761,34.002326,-117.883132,6,207.58212461
p_901761,34.002356,-117.883355,7,228.450392
p_901761,34.002495,-117.884306,8,317.64847936
p_901761,34.002533,-117.884529,9,338.67646365
p_901761,34.002729,-117.885708,10,449.74337741
p_901761,34.002775,-117.886002,11,477.37875432
p_901761,34.00307,-117.88595,12,510.4516136
p_901761,34.003266,-117.885918,13,532.39247671
p_901761,34.003394,-117.885912,14,546.60136527
p_901761,34.003477,-117.885932,15,555.99149361
p_901761,34.003594,-117.885982,16,569.76691315
p_901761,34.003674,-117.886024,17,579.45188218
p_901761,34.003829,-117.88613,18,599.23795871
p_901761,34.003917,-117.886223,19,612.24152092
p_901761,34.004069,-117.886431,20,637.80493752
p_901761,34.004132,-117.886562,21,651.7794833
p_901761,34.004184,-117.886792,22,673.79593719
p_901761,34.004233,-117.887462,23,735.92887513
p_901761,34.004591,-117.887421,24,775.81933942
p_901761,34.004788,-117.887398,25,797.77412142
p_901761,34.005812,-117.887307,26,911.66940369
p_901761,34.006088,-117.887283,27,942.36418631
p_901761,34.006179,-117.887337,28,953.62349814
p_901761,34.007644,-117.88718,29,1116.77089881
p_901761,34.008313,-117.887108,30,1191.27553875
p_901761,34.008744,-117.887062,31,1239.27162578
p_901761,34.008964,-117.887039,32,1263.76690109
p_901761,34.009288,-117.887005,33,1299.84278346
p_901761,34.009449,-117.886988,34,1317.77022617
p_901761,34.009623,-117.88697,35,1337.14224144
p_901761,34.009689,-117.886962,36,1344.50033417
p_901761,34.009734,-117.886957,37,1349.51317266
p_901761,34.010177,-117.886911,38,1398.83524933
p_901761,34.010351,-117.886825,39,1419.70675272
p_901761,34.01125,-117.886738,40,1519.74946105
p_901761,34.011758,-117.886688,41,1576.28710418
p_901761,34.011823,-117.886682,42,1583.51834372
p_901761,34.012125,-117.886646,43,1617.18161934
p_901761,34.012334,-117.886621,44,1640.47917676
p_901761,34.012616,-117.886588,45,1671.90752824
p_901761,34.013334,-117.886517,46,1751.81954278
p_901761,34.01356,-117.886498,47,1776.94941636
p_901761,34.014008,-117.886496,48,1826.64310023
p_901761,34.014415,-117.886535,49,1871.93211556
p_901761,34.014617,-117.88657,50,1894.57052082
p_901761,34.015118,-117.886696,51,1951.34840903
p_901761,34.015354,-117.886777,52,1978.57435793
p_901761,34.015526,-117.886836,53,1998.41613546
p_901761,34.015911,-117.887013,54,2044.14391024
p_901761,34.016012,-117.887059,55,2056.12575749
p_901761,34.016318,-117.887222,56,2093.2574359
p_901761,34.016752,-117.88753,57,2149.17566226
p_901761,34.01692,-117.887654,58,2171.04905372
p_901761,34.017014,-117.887791,59,2187.44556275
p_901761,34.017443,-117.888104,60,2243.12531332
p_901761,34.017751,-117.888335,61,2283.4048071
p_901761,34.017917,-117.88846,62,2305.13836734
p_901761,34.018252,-117.888712,63,2348.98552229
p_901761,34.019076,-117.889332,64,2456.84384702
p_901761,34.019751,-117.889839,65,2545.15491637
p_901761,34.019908,-117.889957,66,2565.69909111
p_901761,34.0202564487965,-117.890192558524,67,2610.05283612
p_901761,34.020261862511,-117.890205587481,68,2611.39773632
p_901761,34.020354,-117.890292,69,2624.36509997
p_901761,34.020975,-117.890749,70,2705.1520074
p_901761,34.021312,-117.890996,71,2748.94456099
p_901761,34.021722,-117.891304,72,2802.58717661
p_901761,34.022164,-117.891686,73,2862.99036596
p_901761,34.022848,-117.892412,74,2964.24564205
p_901761,34.02323,-117.892816,75,3020.7055175
p_901761,34.023606,-117.893223,76,3076.85265913
p_901761,34.024067,-117.89372,77,3145.56846691
p_901761,34.024436,-117.894107,78,3199.90861526
p_901761,34.024504,-117.894175,79,3209.72370967
p_901761,34.024586,-117.894258,80,3221.6188634
p_901761,34.024869,-117.894526,81,3261.59465444
p_901761,34.024965,-117.894521,82,3272.25325502
p_901761,34.025202,-117.894678,83,3302.27575791
p_901761,34.025752,-117.895032,84,3371.4917238
p_901761,34.02589,-117.895111,85,3388.4490069
p_901761,34.026396,-117.895328,86,3448.04676068
p_901761,34.026492,-117.895356,87,3459.00485475
p_901761,34.026935,-117.895479,88,3509.43965498
p_901761,34.027426,-117.895591,89,3564.87634859
p_901761,34.027517,-117.895677,90,3577.72050328
p_901761,34.027633,-117.895709,91,3590.92259521
p_901761,34.027599,-117.89589,92,3608.05898168
p_901761,34.027482,-117.896516,93,3667.31191617
p_901761,34.026998,-117.899099,94,3911.83211734
p_901761,34.026707,-117.900672,95,4060.65040755
p_901761,34.026555,-117.901395,96,4129.51947924
p_901761,34.026491,-117.901779,97,4165.68774776
p_901761,34.026434,-117.902203,98,4205.35388542
p_901761,34.026408,-117.902582,99,4240.47548443
p_901761,34.026399,-117.902972,100,4276.50823145
p_901761,34.026421,-117.90346,101,4321.64406664
p_901761,34.026431,-117.903559,102,4330.85436541
p_901761,34.026468,-117.903929,103,4365.27171669
p_901761,34.026559,-117.904427,104,4412.35965938
p_901761,34.026681,-117.904861,105,4454.6649386
p_901761,34.026839,-117.905295,106,4498.41141871
p_901761,34.027,-117.905716,107,4541.19830046
p_901761,34.027193,-117.906115,108,4583.81539461
p_901761,34.027475,-117.906583,109,4637.16907321
p_901761,34.027619,-117.906818,110,4664.11664391
p_901761,34.027777,-117.907077,111,4693.76989662
p_901761,34.028503,-117.908221,112,4826.6145838
p_901761,34.028728,-117.908637,113,4872.42853125
p_901761,34.029163,-117.909657,114,4978.26774658
p_901761,34.029281,-117.909934,115,5007.00359342
p_901761,34.029325,-117.910036,116,5017.61287939
p_901761,34.029364,-117.910134,117,5027.64420457
p_901761,34.029369,-117.910147,118,5028.96670626
p_901761,34.029489,-117.91043,119,5058.29689591
p_901761,34.030112,-117.911906,120,5211.12537452
p_901761,34.030133,-117.911956,121,5216.29725267
p_901761,34.030364,-117.912503,122,5272.94061901
p_901761,34.030494,-117.91281,123,5304.74899005
p_901761,34.030646,-117.913169,124,5341.94406676
p_901761,34.0311125944733,-117.914189970861,125,5449.50297912
p_901761,34.0311149343523,-117.914218421563,126,5452.14322066
p_901761,34.0313816930687,-117.914701252981,127,5505.65780463
p_901761,34.031735463461,-117.914462164687,128,5550.68446853
p_901761,34.032036,-117.91433,129,5586.1850121
p_901761,34.032585,-117.914017,130,5653.59373859
p_901761,34.032829,-117.913872,131,5683.79034615
p_901761,34.032883,-117.913841,132,5690.42916852
p_901761,34.033352,-117.913574,133,5747.9996089
p_901761,34.033634,-117.913422,134,5782.2850689
p_901761,34.03392,-117.913292,135,5816.20463752
p_901761,34.034321,-117.913132,136,5863.07468502
p_901761,34.034534,-117.913063,137,5887.54545037
p_901761,34.034821,-117.913002,138,5919.87490872
p_901761,34.034863,-117.912994,139,5924.5918884
p_901761,34.034862,-117.912994,140,5924.70281142
p_901761,34.034991,-117.912966,141,5939.24362922
p_901761,34.035435,-117.912909,142,5988.77394428
p_901761,34.035597,-117.912908,143,6006.74371205
p_901761,34.035709,-117.91291,144,6019.16846421
p_901761,34.036355,-117.912907,145,6090.82528164
p_901761,34.036994,-117.912907,146,6161.70510969
p_901761,34.037084,-117.912906,147,6171.68861175
p_901761,34.038084,-117.912932,148,6282.63765815
p_901761,34.038905,-117.912942,149,6373.71018974
p_901761,34.039273,-117.91292,150,6414.58040958
p_901761,34.039716,-117.912858,151,6464.05174182
p_901761,34.040074,-117.912774,152,6504.51268446
p_901761,34.040266,-117.912718,153,6526.42872236
p_901761,34.040576,-117.912606,154,6562.33651206
p_901761,34.040846,-117.912513,155,6593.49265856
p_901761,34.041275,-117.912321,156,6644.27414105
p_901761,34.041671,-117.912122,157,6691.88841252
p_901761,34.041978,-117.911915,158,6730.93953019
p_901761,34.04239,-117.911613,159,6784.47617616
p_901761,34.042779,-117.911289,160,6836.98251659
p_901761,34.043063,-117.911053,161,6875.28749532
p_901761,34.043144,-117.911194,162,6891.10640985
p_901761,34.043313,-117.911498,163,6924.86110657
p_901761,34.04338,-117.911648,164,6940.57968248
p_901761,34.043413,-117.911723,165,6948.41289669
p_901761,34.04353,-117.911984,166,6975.78524557
p_901761,34.043595,-117.912187,167,6995.86861425
p_901761,34.043647,-117.912388,168,7015.30409009
p_901761,34.043686,-117.912605,169,7035.8029945
p_901761,34.043701,-117.912815,170,7055.26511354
p_901761,34.043684,-117.91303,171,7075.20702237
p_901761,34.043644,-117.913233,172,7094.46949862
p_901761,34.043573,-117.913439,173,7115.05694669
p_901761,34.043464,-117.913682,174,7140.54516443
p_901761,34.043352,-117.913936,175,7167.0860978
p_901761,34.043185,-117.914455,176,7218.46503463
p_901761,34.042911,-117.914917,177,7270.84467122
p_901761,34.042694,-117.915651,178,7342.76839012
p_901761,34.042447,-117.9162,179,7400.39239771
p_901761,34.04211,-117.916548,180,7449.68680622
p_901761,34.041934,-117.916657,181,7471.65111371
p_901761,34.041455,-117.916864,182,7528.11690421
p_901761,34.041107,-117.917033,183,7569.75327359
p_901761,34.041082,-117.917054,184,7573.13709525
p_901761,34.040839,-117.917254,185,7605.81132777
p_901761,34.040568,-117.91764,186,7652.43828716
p_901761,34.040514,-117.91779,187,7667.52908295
p_901761,34.040481,-117.917878,188,7676.44148342
p_901761,34.040134,-117.918828,189,7772.23823391
p_901761,34.040073,-117.919198,190,7807.06809075
p_901761,34.040047,-117.919619,191,7846.05064647
p_901761,34.040098,-117.920419,192,7920.14004022
p_901761,34.040293,-117.920381,193,7942.05282303
p_901761,34.04036,-117.920361,194,7949.71070307
p_901761,34.040559,-117.920301,195,7972.46910627
p_901761,34.040683,-117.920252,196,7986.94868693
p_901761,34.041329,-117.91992,197,8064.88765591
p_901761,34.041917,-117.919619,198,8135.78571411
p_901761,34.042102,-117.919538,199,8157.62707708
p_901761,34.042288,-117.919477,200,8179.01385815
p_901761,34.042614,-117.919461,201,8215.20497479
p_901761,34.0428,-117.919482,202,8235.92760712
p_901761,34.042882,-117.919502,203,8245.20889438
p_901761,34.042976,-117.919524,204,8255.83172077
p_901761,34.043156,-117.919598,205,8276.93475653
p_901761,34.04333,-117.919695,206,8298.21240402
p_901761,34.044252,-117.920213,207,8411.11578118
p_901761,34.044365,-117.920261,208,8424.41064015
p_901761,34.044474,-117.920298,209,8436.97469411
p_901761,34.04474,-117.920355,210,8466.94600798
p_901761,34.044823,-117.920362,211,8476.17529402
p_901761,34.044904,-117.920368,212,8485.17713757
p_901761,34.045064,-117.920356,213,8502.95940432
p_901761,34.04523,-117.920328,214,8521.55327825
p_901761,34.04538,-117.92028,215,8538.77195053
p_901761,34.04553,-117.920217,216,8556.39801548
p_901761,34.045676,-117.920132,217,8574.39441115
p_901761,34.045812,-117.920035,218,8591.93844827
p_901761,34.045934,-117.919921,219,8609.08292375
p_901761,34.046104,-117.91972,220,8635.54105854
p_901761,34.046807,-117.918412,221,8779.30114327
p_901761,34.047042,-117.917955,222,8828.89994319
p_901761,34.047371,-117.917528,223,8882.62367998
p_901761,34.047732,-117.917214,224,8932.06090153
p_901761,34.048179,-117.916985,225,8985.96379169
p_901761,34.04837,-117.916936,226,9007.62782456
p_901761,34.048494,-117.916904,227,9021.6960762
p_901761,34.048841,-117.916868,228,9060.32970782
p_901761,34.049931,-117.916851,229,9181.24626942
p_901761,34.05028,-117.916846,230,9219.96125066
p_901761,34.050852,-117.916844,231,9283.40964678
p_901761,34.050896,-117.916844,232,9288.29027221
p_901761,34.051732,-117.916842,233,9381.02234589
p_901761,34.052848,-117.916818,234,9504.83261382
p_901761,34.053494,-117.916807,235,9576.49629258
p_901761,34.053919,-117.916799,236,9623.64450488
p_901761,34.0548,-117.916799,237,9721.36799229
p_901761,34.056256,-117.916777,238,9882.88521889
p_901761,34.057161,-117.916766,239,9983.2760424
p_901761,34.057545,-117.916761,240,10025.87313784
p_901761,34.05859,-117.916747,241,10141.79533349
p_901761,34.059739,-117.916732,242,10269.25390645
p_901761,34.061175,-117.916706,243,10428.5581057
p_901761,34.061171,-117.916238,244,10471.7654461
p_901761,34.061163,-117.915247,245,10563.25739847
p_901761,34.061163,-117.915131,246,10573.96634677
p_901761,34.061154,-117.914003,247,10678.10642777
p_901761,34.061148,-117.913278,248,10745.04067296
p_901761,34.061144,-117.912672,249,10800.98746656
p_901761,34.061142,-117.912394,250,10826.65297991
p_901761,34.06114,-117.912127,251,10851.30302939
p_901761,34.061137,-117.911792,252,10882.23153268
p_901761,34.061132,-117.911022,253,10953.31898031
p_901761,34.061131,-117.910933,254,10961.53608033
p_901761,34.06111,-117.910132,255,11035.51993137
p_901761,34.061097,-117.908395,256,11195.88379581
p_901761,34.061093,-117.907952,257,11236.78333951
p_901761,34.061091,-117.907816,258,11249.34062849
p_901761,34.06107,-117.907291,259,11297.86384275
p_901761,34.061065,-117.907184,260,11307.75749303
p_901761,34.061049,-117.906778,261,11345.28085382
p_901761,34.061063,-117.905833,262,11432.53578499
p_901761,34.061056,-117.904915,263,11517.28784611
p_901761,34.061049,-117.903962,264,11605.27093596
p_901761,34.061045,-117.902938,265,11699.80627028
p_901761,34.06104,-117.901821,266,11802.92769433
p_901761,34.061,-117.899389,267,12027.49054869
p_901761,34.060995,-117.899045,268,12059.25302381
p_901761,34.060988,-117.898674,269,12093.51206388
p_901761,34.060988,-117.898664,270,12094.43525097
p_901761,34.060976,-117.897973,271,12158.24136938
p_901761,34.060955,-117.895416,272,12394.3118649
p_901761,34.060969,-117.895178,273,12416.33853514
p_901761,34.060961,-117.894346,274,12493.15284814
p_901761,34.060959,-117.894147,275,12511.52561681
p_901761,34.060947,-117.893115,276,12606.80786224
p_901761,34.060937,-117.891997,277,12710.02619567
p_901761,34.06093,-117.891307,278,12773.73087819
p_901761,34.060923,-117.890589,279,12840.02030716
p_901761,34.060919,-117.89023,280,12873.16571982
p_901761,34.061185,-117.890225,281,12902.67497836
p_901761,34.061419,-117.890221,282,12928.63370256
p_901761,34.061875,-117.890213,283,12979.22021007
p_901761,34.06228,-117.890212,284,13024.14432557
p_901761,34.062761,-117.890206,285,13077.50141177
p_901761,34.06318,-117.890201,286,13123.98066032
p_901761,34.063658,-117.89019,287,13177.01183203
p_901761,34.064548,-117.890178,288,13275.74000169
p_901761,34.06456,-117.891188,289,13368.98749383
p_901761,34.064561,-117.891218,290,13371.7591594
p_901761,34.06471,-117.891225,291,13388.29939688
p_901761,34.06472,-117.891753,292,13437.05416162
p_901761,34.06475,-117.891754,293,13440.38314851
p_901761,34.064851,-117.891757,294,13451.58985025
p_901761,34.064934,-117.891757,295,13460.79650562
p_901771,34.064934,-117.891754,1,0
p_901771,34.06472,-117.891754,2,23.7376413
p_901771,34.064709,-117.891228,3,72.3104848
p_901771,34.06456,-117.89122,4,88.85458605
p_901771,34.06456,-117.89119,5,91.62403114
p_901771,34.064548,-117.890175,6,185.33305069
p_901771,34.06366,-117.89019,7,283.842891
p_901771,34.063179,-117.890198,8,337.20222101
p_901771,34.062279,-117.890213,9,437.04299204
p_901771,34.061874,-117.890213,10,481.96701267
p_901771,34.06142,-117.890221,11,532.33169693
p_901771,34.060921,-117.890228,12,587.6862914
p_901771,34.060925,-117.890587,13,620.83170328
p_901771,34.060923,-117.890589,14,621.12033299
p_901771,34.06093,-117.891307,15,687.40976196
p_901771,34.060937,-117.891997,16,751.11444448
p_901771,34.060947,-117.893115,17,854.33277791
p_901771,34.060959,-117.894147,18,949.61502334
p_901771,34.060962,-117.894416,19,974.45099369
p_901771,34.060969,-117.895178,20,1044.80215401
p_901771,34.060955,-117.895416,21,1066.82882425
p_901771,34.060976,-117.897973,22,1302.89931977
p_901771,34.060988,-117.898674,23,1367.62842729
p_901771,34.06099,-117.898781,24,1377.50901995
p_901771,34.060995,-117.899045,25,1401.88746767
p_901771,34.061,-117.899389,26,1433.64994279
p_901771,34.06104,-117.901821,27,1658.21279715
p_901771,34.061045,-117.902938,28,1761.3342212
p_901771,34.061049,-117.903962,29,1855.86955552
p_901771,34.061056,-117.904915,30,1943.85264537
p_901771,34.061063,-117.905833,31,2028.60470649
p_901771,34.061049,-117.906778,32,2115.85963766
p_901771,34.061065,-117.907184,33,2153.38299845
p_901771,34.06107,-117.907291,34,2163.27664873
p_901771,34.061091,-117.907816,35,2211.79986299
p_901771,34.061093,-117.907952,36,2224.35715197
p_901771,34.061097,-117.908395,37,2265.25669567
p_901771,34.06111,-117.910132,38,2425.62056011
p_901771,34.061131,-117.910933,39,2499.60441115
p_901771,34.061132,-117.911031,40,2508.6523094
p_901771,34.061137,-117.911792,41,2578.90891566
p_901771,34.06114,-117.912127,42,2609.83741895
p_901771,34.061142,-117.912394,43,2634.48746843
p_901771,34.061144,-117.912672,44,2660.15298178
p_901771,34.061148,-117.913278,45,2716.09977538
p_901771,34.061154,-117.914003,46,2783.03402057
p_901771,34.061163,-117.915131,47,2887.17410157
p_901771,34.061163,-117.915247,48,2897.88304987
p_901771,34.061171,-117.916238,49,2989.37500224
p_901771,34.061174,-117.916579,50,3020.85737274
p_901771,34.061175,-117.916706,51,3032.58234788
p_901771,34.059739,-117.916732,52,3191.88654713
p_901771,34.05859,-117.916747,53,3319.34512009
p_901771,34.057853,-117.916757,54,3401.10090675
p_901771,34.057545,-117.916761,55,3435.26731856
p_901771,34.056256,-117.916777,56,3578.25522975
p_901771,34.0548,-117.916799,57,3739.77245635
p_901771,34.054441,-117.916799,58,3779.59394724
p_901771,34.053919,-117.916799,59,3837.49594376
p_901771,34.052848,-117.916818,60,3956.30780309
p_901771,34.051732,-117.916842,61,4080.11807102
p_901771,34.050896,-117.916844,62,4172.8501447
p_901771,34.050852,-117.916844,63,4177.73077013
p_901771,34.050387,-117.916846,64,4229.31043547
p_901771,34.05028,-117.916846,65,4241.17922809
p_901771,34.048841,-117.916868,66,4400.81075454
p_901771,34.048494,-117.916904,67,4439.44438616
p_901771,34.04837,-117.916936,68,4453.5126378
p_901771,34.048179,-117.916985,69,4475.17667067
p_901771,34.047732,-117.917214,70,4529.07956083
p_901771,34.047371,-117.917528,71,4578.51678238
p_901771,34.047042,-117.917955,72,4632.24051917
p_901771,34.046807,-117.918412,73,4681.83931909
p_901771,34.046104,-117.91972,74,4825.59940382
p_901771,34.045934,-117.919921,75,4852.05753861
p_901771,34.045812,-117.920035,76,4869.20201409
p_901771,34.045676,-117.920132,77,4886.74605121
p_901771,34.04553,-117.920217,78,4904.74244688
p_901771,34.04538,-117.92028,79,4922.36851183
p_901771,34.04523,-117.920328,80,4939.58718411
p_901771,34.045064,-117.920356,81,4958.18105804
p_901771,34.044904,-117.920368,82,4975.96332479
p_901771,34.044796,-117.920359,83,4987.97181932
p_901771,34.04474,-117.920355,84,4994.1944891
p_901771,34.044474,-117.920298,85,5024.16580297
p_901771,34.044365,-117.920261,86,5036.72985693
p_901771,34.044252,-117.920213,87,5050.0247159
p_901771,34.04333,-117.919695,88,5162.92809306
p_901771,34.043156,-117.919598,89,5184.20574055
p_901771,34.042976,-117.919524,90,5205.30877631
p_901771,34.042882,-117.919502,91,5215.9316027
p_901771,34.0428,-117.919482,92,5225.21288996
p_901771,34.042614,-117.919461,93,5245.93552229
p_901771,34.042288,-117.919477,94,5282.12663893
p_901771,34.042102,-117.919538,95,5303.51342
p_901771,34.041917,-117.919619,96,5325.35478297
p_901771,34.041329,-117.91992,97,5396.25284117
p_901771,34.040683,-117.920252,98,5474.19181015
p_901771,34.040559,-117.920301,99,5488.67139081
p_901771,34.04033,-117.92037,100,5514.85969291
p_901771,34.040293,-117.920381,101,5519.08767623
p_901771,34.040098,-117.920419,102,5541.00045904
p_901771,34.039711,-117.920465,103,5584.13734808
p_901771,34.039591,-117.920446,104,5597.56325257
p_901771,34.039285,-117.920399,105,5631.78206925
p_901771,34.038864,-117.920291,106,5679.53373646
p_901771,34.038449,-117.920028,107,5731.58047831
p_901771,34.037805,-117.919635,108,5811.70487023
p_901771,34.037064,-117.919417,109,5896.32821694
p_901771,34.036406,-117.919379,110,5969.399891
p_901771,34.03568,-117.919443,111,6050.1465977
p_901771,34.035227,-117.919485,112,6100.54419494
p_901771,34.035112,-117.919532,113,6114.01852074
p_901771,34.035066,-117.919363,114,6130.43805923
p_901771,34.035051,-117.919314,115,6135.25925736
p_901771,34.034975,-117.91907,116,6159.31725099
p_901771,34.034903,-117.918873,117,6179.18544239
p_901771,34.03485,-117.918746,118,6192.30448726
p_901771,34.034799,-117.918632,119,6204.25572679
p_901771,34.03473,-117.918482,120,6220.0816165
p_901771,34.034692,-117.918405,121,6228.34777569
p_901771,34.034636,-117.9183,122,6239.86326189
p_901771,34.034594,-117.918223,123,6248.36424735
p_901771,34.034548,-117.918133,124,6258.11679269
p_901771,34.034525,-117.918101,125,6262.02082679
p_901771,34.034484,-117.918034,126,6269.69971175
p_901771,34.034445,-117.917973,127,6276.80232668
p_901771,34.034407,-117.917907,128,6284.21279796
p_901771,34.034364,-117.917843,129,6291.80759267
p_901771,34.03432,-117.917782,130,6299.26100486
p_901771,34.034276,-117.917722,131,6306.64487155
p_901771,34.034231,-117.917661,132,6314.17138913
p_901771,34.034189,-117.917603,133,6321.2701668
p_901771,34.034173,-117.917584,134,6323.76585294
p_901771,34.033957,-117.917329,135,6357.36039396
p_901771,34.033904,-117.917276,136,6365.0100534
p_901771,34.0336,-117.91698,137,6408.41840096
p_901771,34.033268,-117.91672,138,6452.38084493
p_901771,34.03315,-117.916638,139,6467.50248325
p_901771,34.033032,-117.916563,140,6482.31097625
p_901771,34.032689,-117.916322,141,6526.3890763
p_901771,34.032634,-117.916282,142,6533.52103115
p_901771,34.032581,-117.916236,143,6540.77415599
p_901771,34.032526,-117.916189,144,6548.26138715
p_901771,34.03242,-117.916095,145,6562.87658765
p_901771,34.032338,-117.916024,146,6574.08923588
p_901771,34.032269,-117.915959,147,6583.81609274
p_901771,34.03217,-117.915862,148,6597.98772818
p_901771,34.032073,-117.915768,149,6611.8125413
p_901771,34.031998,-117.915692,150,6622.69694773
p_901771,34.031899,-117.91558,151,6637.78246316
p_901771,34.031889,-117.91557,152,6639.22580897
p_901771,34.031849,-117.915527,153,6645.18026749
p_901771,34.031802,-117.915469,154,6652.65485576
p_901771,34.031723,-117.915372,155,6665.18618445
p_901771,34.031648,-117.915277,156,6677.27668286
p_901771,34.0312416201854,-117.914714599444,157,6746.04796199
p_901771,34.0312372658669,-117.914710355147,158,6746.66999059
p_901771,34.030986,-117.91423,159,6799.06014187
p_901771,34.030974,-117.914207,160,6801.56682705
p_901771,34.030933,-117.914123,161,6810.55914357
p_901771,34.030872,-117.913999,162,6823.86031331
p_901771,34.030729,-117.913705,163,6855.30544992
p_901771,34.030704,-117.913649,164,6861.17369188
p_901771,34.03066,-117.913546,165,6871.86492635
p_901771,34.030575,-117.913353,166,6892.02889906
p_901771,34.030529,-117.91324,167,6903.64525638
p_901771,34.030298,-117.912677,168,6961.61019171
p_901771,34.030015,-117.912001,169,7031.4880592
p_901771,34.030003,-117.911972,170,7034.47881222
p_901771,34.02996,-117.911872,171,7044.87301284
p_901771,34.029799,-117.911487,172,7084.66165393
p_901771,34.029413,-117.910567,173,7179.80469459
p_901771,34.029395,-117.910525,174,7184.16723212
p_901771,34.029322,-117.910349,175,7202.32663944
p_901771,34.029265,-117.910213,176,7216.38826666
p_901771,34.029263,-117.910192,177,7218.34032864
p_901771,34.029224,-117.910093,178,7228.45506593
p_901771,34.02919,-117.909986,179,7239.03207054
p_901771,34.028616,-117.908705,180,7373.38186008
p_901771,34.0284,-117.908309,181,7417.10339254
p_901771,34.027689,-117.907157,182,7549.53900819
p_901771,34.027389,-117.90666,183,7606.23290525
p_901771,34.02719,-117.906314,184,7645.07054754
p_901771,34.026889,-117.905789,185,7703.94073011
p_901771,34.026724,-117.905367,186,7746.99831887
p_901771,34.026564,-117.904917,187,7792.1893254
p_901771,34.026437,-117.904468,188,7835.98469791
p_901771,34.026344,-117.903956,189,7884.38322881
p_901771,34.026307,-117.903613,190,7916.32618671
p_901771,34.026288,-117.90343,191,7933.35828599
p_901771,34.026271,-117.902984,192,7974.59234785
p_901771,34.026006,-117.902999,193,8004.01953244
p_901771,34.025847,-117.903008,194,8021.67584268
p_901771,34.024909,-117.903071,195,8125.88403711
p_901771,34.024716,-117.903098,196,8147.43688853
p_901771,34.024494,-117.903145,197,8172.44142752
p_901771,34.024132,-117.903273,198,8214.29958873
p_901771,34.023941,-117.90337,199,8237.30214604
p_901771,34.023775,-117.903469,200,8257.86059272
p_901771,34.023357,-117.90375,201,8310.99567738
p_901771,34.023147,-117.903898,202,8338.00397688
p_901771,34.022936,-117.904047,203,8365.15471474
p_901771,34.022663,-117.90423,204,8399.83423399
p_901771,34.022518,-117.904324,205,8418.11164247
p_901771,34.022283,-117.904434,206,8446.08841186
p_901771,34.022114,-117.904505,207,8465.9482449
p_901771,34.021783,-117.904579,208,8503.29442198
p_901771,34.021405,-117.904591,209,8545.23787755
p_901771,34.021139,-117.904548,210,8575.00942837
p_901771,34.021008,-117.904502,211,8590.14870097
p_901771,34.020671,-117.904361,212,8629.73326132
p_901771,34.020517,-117.904261,213,8649.15249379
p_901771,34.020381,-117.904169,214,8666.46657278
p_901771,34.020178,-117.904001,215,8693.81260593
p_901771,34.020037,-117.903851,216,8714.70659559
p_901771,34.019899,-117.90368,217,8736.70132801
p_901771,34.019767,-117.903469,218,8761.07734447
p_901771,34.01967,-117.903301,219,8779.95977079
p_901771,34.019449,-117.902819,220,8830.78197934
p_901771,34.019371,-117.902649,221,8848.70973552
p_901771,34.018676,-117.901122,222,9009.44361981
p_901771,34.018556,-117.900768,223,9044.74623125
p_901771,34.018511,-117.900604,224,9060.69526114
p_901771,34.018464,-117.900414,225,9079.00256397
p_901771,34.018419,-117.900165,226,9102.53683495
p_901771,34.018396,-117.899977,227,9120.08784089
p_901771,34.018371,-117.899593,228,9155.66419548
p_901771,34.018371,-117.899326,229,9180.32562201
p_901771,34.018399,-117.899036,230,9207.29089756
p_901771,34.018414,-117.898897,231,9220.23697668
p_901771,34.018449,-117.898658,232,9242.65095445
p_901771,34.018768,-117.897188,233,9382.96196037
p_901771,34.018827,-117.896917,234,9408.83412103
p_901771,34.018869,-117.896512,235,9446.53067895
p_901771,34.018916,-117.895656,236,9525.76623908
p_901771,34.018938,-117.895236,237,9564.63591995
p_901771,34.018953,-117.894947,238,9591.38099916
p_901771,34.01897,-117.894593,239,9624.13227517
p_901771,34.019006,-117.894099,240,9669.93460624
p_901771,34.019049,-117.893732,241,9704.16618275
p_901771,34.019089,-117.893473,242,9728.49647569
p_901771,34.019165,-117.893111,243,9762.97863683
p_901771,34.019236,-117.892823,244,9790.72080521
p_901771,34.019342,-117.892449,245,9827.21108907
p_901771,34.019408,-117.892259,246,9846.22601236
p_901771,34.019502,-117.892004,247,9871.98351241
p_901771,34.019617,-117.891728,248,9900.48927758
p_901771,34.019732,-117.891484,249,9926.38562577
p_901771,34.019914,-117.89112,250,9965.60136269
p_901771,34.020141,-117.890721,251,10010.23475721
p_901771,34.020251,-117.8905,252,10034.01573199
p_901771,34.020354,-117.890292,253,10056.3677323
p_901771,34.019908,-117.889957,254,10114.7185382
p_901771,34.019751,-117.889839,255,10135.26271294
p_901771,34.019076,-117.889332,256,10223.57378229
p_901771,34.018252,-117.888712,257,10331.43210702
p_901771,34.017917,-117.88846,258,10375.27926197
p_901771,34.017443,-117.888104,259,10437.29229314
p_901771,34.017014,-117.887791,260,10492.97204371
p_901771,34.016969,-117.887788,261,10497.97125041
p_901771,34.016887,-117.887782,262,10507.08377916
p_901771,34.016696,-117.887641,263,10531.95289713
p_901771,34.016269,-117.887338,264,10586.96770919
p_901771,34.015971,-117.88718,265,10623.10102056
p_901771,34.015492,-117.886959,266,10680.01944281
p_901771,34.015092,-117.886823,267,10726.13256186
p_901771,34.014851,-117.886762,268,10753.45227053
p_901771,34.014599,-117.886698,269,10782.02305639
p_901771,34.014403,-117.886664,270,10803.98955651
p_901771,34.014003,-117.886626,271,10848.49723657
p_901771,34.013778,-117.886624,272,10873.4555136
p_901771,34.013583,-117.886622,273,10895.08621597
p_901771,34.013343,-117.886646,274,10921.79979244
p_901771,34.012626,-117.886718,275,11001.60890352
p_901771,34.012344,-117.886751,276,11033.03725502
p_901771,34.011832,-117.886811,277,11090.09942103
p_901771,34.0109,-117.886902,278,11193.82045805
p_901771,34.010344,-117.886956,279,11255.69480558
p_901771,34.010177,-117.886911,280,11274.6795432
p_901771,34.010146,-117.886532,281,11309.85766924
p_901771,34.010134,-117.886378,282,11324.14537329
p_901771,34.0101240969444,-117.886254166936,283,11335.63692802
p_901771,34.0101099454203,-117.886217291521,284,11339.38753743
p_901771,34.010099790583,-117.886021285049,285,11357.5284129
p_901771,34.0101,-117.885946,286,11364.48282157
p_901771,34.010065,-117.885504,287,11405.4962323
p_901771,34.010063,-117.885473,288,11408.3684033
p_901771,34.010063,-117.885442,289,11411.23199392
p_901771,34.01006,-117.885139,290,11439.22326138
p_901771,34.010058,-117.88477,291,11473.30995058
p_901771,34.010079,-117.884642,292,11485.36107431
p_901771,34.010158,-117.884185,293,11528.47581522
p_901771,34.010313,-117.883627,294,11582.81215149
p_901771,34.010578,-117.882743,295,11669.5997634
p_901771,34.011075,-117.881116,296,11829.68265203
p_901771,34.011262,-117.880581,297,11883.27862681
p_901771,34.0112828988605,-117.880492028745,298,11891.81781071
p_901771,34.0113112016671,-117.880409107858,299,11900.09583283
p_901771,34.0113395044634,-117.880360330866,300,11905.58736006
p_901771,34.0113880235218,-117.880135956702,301,11927.00070697
p_901771,34.011169,-117.880089,302,11951.67953044
p_901771,34.010395,-117.880157,303,12037.76308435
p_901771,34.010044,-117.880188,304,12076.80207304
p_901771,34.009609,-117.880241,305,12125.30113035
p_901771,34.009197,-117.880295,306,12171.27265334
p_901771,34.00692,-117.880539,307,12424.84700321
p_901771,34.004833,-117.880753,308,12657.18481616
p_901771,34.003853,-117.880882,309,12766.54010197
p_901771,34.003239,-117.880951,310,12834.94413036
p_901771,34.0029461054627,-117.880993950311,311,12867.67410411
p_901771,34.0027065704825,-117.881018541035,312,12894.34084829
p_901771,34.0021980157469,-117.88106679988,313,12950.92687562
