shape_id,shape_pt_lat,shape_pt_lon,shape_pt_sequence,shape_dist_traveled
p_901549,33.8979478907317,-118.22405528152,1,0
p_901549,33.897379191863,-118.224049571933,2,63.08259564
p_901549,33.89724,-118.223969,3,80.22642064
p_901549,33.897152,-118.223961,4,90.01543506
p_901549,33.896881,-118.223946,5,120.10690069
p_901549,33.896767,-118.22393,6,132.83815069
p_901549,33.89666,-118.223946,7,144.79856144
p_901549,33.896515,-118.223991,8,161.41190868
p_901549,33.896473,-118.223999,9,166.12897239
p_901549,33.896336,-118.224037,10,181.72628457
p_901549,33.896206,-118.224037,11,196.14595136
p_901549,33.895973,-118.22403,12,221.99853967
p_901549,33.895966,-118.223083,13,309.59688072
p_901549,33.8959673519523,-118.223099762473,14,311.15459851
p_901549,33.8959673519523,-118.220400435514,15,560.83493724
p_901549,33.89862904718,-118.220795682146,16,858.32647683
p_901549,33.9035063204832,-118.221518518944,17,1403.43201998
p_901549,33.9034946833483,-118.224014259273,18,1634.26446276
p_901549,33.9033783119075,-118.224785414992,19,1706.74665282
p_901549,33.9033610723507,-118.225504333389,20,1773.26637699
p_901549,33.903362,-118.22551,21,1773.80048285
p_901549,33.903362,-118.225708,22,1792.11335878
p_901549,33.903358,-118.226074,23,1825.96734078
p_901549,33.903355,-118.226494,24,1864.81426291
p_901549,33.903355,-118.227432,25,1951.56920748
p_901549,33.903355,-118.229805,26,2171.04626875
p_901549,33.903358,-118.230034,27,2192.22892735
p_901549,33.903358,-118.232002,28,2374.24782387
p_901549,33.903362,-118.232307,29,2402.46054156
p_901549,33.903358,-118.232574,30,2427.15916331
p_901549,33.903355,-118.233955,31,2554.88729012
p_901549,33.903355,-118.234222,32,2579.58192786
p_901549,33.903355,-118.234329,33,2589.47828081
p_901549,33.903358,-118.234657,34,2619.81658908
p_901549,33.903358,-118.234795,35,2632.58010926
p_901549,33.903362,-118.235893,36,2734.13430191
p_901549,33.903366,-118.236183,37,2760.95985968
p_901549,33.903362,-118.237366,38,2870.37556591
p_901549,33.903362,-118.238152,39,2943.072134
p_901549,33.903263,-118.238159,40,2954.0723463
p_901549,33.903225,-118.238159,41,2958.2873306
p_901549,33.903141,-118.238152,42,2967.62713075
p_901549,33.903019,-118.238136,43,2981.24012189
p_901549,33.902935,-118.238129,44,2990.57992183
p_901549,33.902718,-118.238129,45,3014.64969898
p_901549,33.902637,-118.238121,46,3023.66468636
p_901549,33.902336,-118.238106,47,3057.08060706
p_901549,33.902084,-118.238098,48,3085.04239517
p_901549,33.902012,-118.238091,49,3093.05487992
p_901549,33.901981,-118.238091,50,3096.49341905
p_901549,33.901318,-118.238045,51,3170.15675341
p_901549,33.900665,-118.238007,52,3242.67312876
p_901549,33.900356,-118.237984,53,3277.01354635
p_901549,33.900143,-118.237976,54,3300.65121527
p_901549,33.900009,-118.237968,55,3315.5329802
p_901549,33.899498,-118.237915,56,3372.42498633
p_901549,33.899208,-118.237907,57,3404.60046099
p_901549,33.899143,-118.2379,58,3411.83931081
p_901549,33.898788,-118.237877,59,3451.2735348
p_901549,33.898544,-118.237854,60,3478.42163117
p_901549,33.897923,-118.237793,61,3547.53398508
p_901549,33.897697,-118.237778,62,3572.6403928
p_901549,33.897377,-118.237755,63,3608.19866109
p_901549,33.897228,-118.237755,64,3624.72582042
p_901549,33.896576,-118.237709,65,3697.17105726
p_901549,33.896103,-118.237679,66,3749.70979228
p_901549,33.895943,-118.237663,67,3767.51867398
p_901549,33.895943,-118.238243,68,3821.16709812
p_901549,33.895939,-118.23838,69,3833.846991
p_901549,33.895939,-118.238571,70,3851.51397288
p_901549,33.895893,-118.238831,71,3876.09857769
p_901549,33.895885,-118.239326,72,3921.89335965
p_901549,33.895882,-118.239746,73,3960.7436706
p_901549,33.895878,-118.240036,74,3987.57157147
p_901549,33.895874,-118.24102,75,4078.59005052
p_901549,33.89587,-118.241943,76,4163.96626635
p_901549,33.895847,-118.244141,77,4367.29150062
p_901549,33.895836,-118.246208,78,4558.48750427
p_901549,33.895836,-118.246323,79,4569.1247051
p_901549,33.895821,-118.248642,80,4783.63264371
p_901549,33.895821,-118.251755,81,5071.57709571
p_901549,33.896202,-118.251846,82,5114.66790652
p_901549,33.896938,-118.252022,83,5197.91273041
p_901549,33.897724,-118.252213,84,5286.86823365
p_901549,33.898281,-118.252342,85,5349.79260692
p_901549,33.898495,-118.252396,86,5374.04940422
p_901549,33.898624,-118.252426,87,5388.62472839
p_901549,33.900021,-118.252747,88,5546.39955494
p_901549,33.901291,-118.253059,89,5690.19412123
p_901549,33.901714,-118.253166,90,5738.14590695
p_901549,33.901737,-118.253166,91,5740.69708103
p_901549,33.902061,-118.25325,92,5777.46555778
p_901549,33.90226,-118.253304,93,5800.09675849
p_901549,33.902306,-118.253319,94,5805.38435905
p_901549,33.902554,-118.253395,95,5833.77657463
p_901549,33.902653,-118.253426,96,5845.12585999
p_901549,33.902809,-118.253487,97,5863.32602752
p_901549,33.902927,-118.25354,98,5877.30249225
p_901549,33.903301,-118.253677,99,5920.67880613
p_901549,33.903816,-118.253876,100,5980.69482403
p_901549,33.903896,-118.253967,101,5992.92506345
p_901549,33.903912,-118.253975,102,5994.84785677
p_901549,33.90398,-118.253998,103,6002.68469447
p_901549,33.904564,-118.254189,104,6069.82787972
p_901549,33.904953,-118.254333,105,6114.98468873
p_901549,33.905083,-118.254379,106,6130.01889998
p_901549,33.905201,-118.254417,107,6143.57118135
p_901549,33.905437,-118.254486,108,6170.5151041
p_901549,33.905766,-118.254524,109,6207.17685236
p_901549,33.906025,-118.254547,110,6235.98395634
p_901549,33.906242,-118.254547,111,6260.05374644
p_901549,33.906536,-118.254539,112,6292.67282355
p_901549,33.906898,-118.254532,113,6332.83133649
p_901549,33.907307,-118.254524,114,6378.20393949
p_901549,33.90752,-118.254524,115,6401.83005174
p_901549,33.9085429744955,-118.254507483424,116,6515.30940668
p_901549,33.9085297924302,-118.254504836198,117,6516.79192618
p_901549,33.908665,-118.254509,118,6531.7941924
p_901549,33.908894,-118.254501,119,6557.20581475
p_901549,33.909363,-118.254501,120,6609.22764449
p_901549,33.909641,-118.254494,121,6640.07040854
p_901549,33.910515,-118.254478,122,6737.02644737
p_901549,33.910721,-118.254471,123,6759.88529523
p_901549,33.911003,-118.254471,124,6791.16495434
p_901549,33.911449,-118.254463,125,6840.64115578
p_901549,33.912178,-118.254463,126,6921.50241471
p_901549,33.912384,-118.254456,127,6944.36126839
p_901549,33.912907,-118.254448,128,7002.37756901
p_901549,33.913189,-118.254448,129,7033.65723924
p_901549,33.915127,-118.254417,130,7248.64093553
p_901549,33.915871,-118.25441,131,7331.16859467
p_901549,33.916103,-118.254402,132,7356.91286835
p_901549,33.91637,-118.254395,133,7386.53581531
p_901549,33.916351,-118.253693,134,7451.48762932
p_901549,33.91634,-118.252998,135,7515.76950854
p_901549,33.916328,-118.252213,136,7588.37479125
p_901549,33.916313,-118.251129,137,7688.6317981
p_901549,33.916294,-118.249878,138,7804.33758716
p_901549,33.91629,-118.249794,139,7812.11817369
p_901549,33.91629,-118.249527,140,7836.80908138
p_901549,33.916283,-118.249283,141,7859.38641301
p_901549,33.916279,-118.248955,142,7889.72156263
p_901549,33.916264,-118.248222,143,7957.52639592
p_901549,33.916252,-118.247581,144,8016.818034
p_901549,33.916241,-118.246841,145,8085.26067447
p_901549,33.916229,-118.246201,146,8144.45987644
p_901549,33.916229,-118.245735,147,8187.55340147
p_901549,33.916229,-118.245712,148,8189.68033511
p_901549,33.916222,-118.243546,149,8389.98351175
p_901549,33.916222,-118.243408,150,8402.74511463
p_901549,33.916222,-118.243134,151,8428.08336962
p_901549,33.916218,-118.24276,152,8462.67200951
p_901549,33.916222,-118.240738,153,8649.65776503
p_901549,33.916222,-118.240128,154,8706.06774876
p_901549,33.916218,-118.239639,155,8751.29038875
p_901549,33.916222,-118.239151,156,8796.42055781
p_901549,33.916191,-118.239151,157,8799.85910489
p_901549,33.916042,-118.239159,158,8816.40286434
p_901549,33.91375,-118.239159,159,9070.63345198
p_901549,33.912277,-118.239159,160,9234.01981364
p_901549,33.911381,-118.239166,161,9333.40695377
p_901549,33.91061,-118.239159,162,9418.92932486
p_901549,33.909462,-118.239159,163,9546.26635973
p_901549,33.909054,-118.239151,164,9591.52807236
p_901549,33.908775,-118.239151,165,9622.47495934
p_901549,33.908005,-118.239159,166,9707.88712785
p_901549,33.907581,-118.239151,167,9754.92333327
p_901549,33.907295,-118.239151,168,9786.64665782
p_901549,33.906849,-118.239052,169,9836.95746106
p_901549,33.906597,-118.23896,170,9866.17582642
p_901549,33.906464,-118.238899,171,9881.9702221
p_901549,33.906197,-118.23877,172,9913.89887369
p_901549,33.906086,-118.238708,173,9927.48087105
p_901549,33.905895,-118.238594,174,9951.14528991
p_901549,33.905476,-118.238396,175,10001.09866912
p_901549,33.905304,-118.238335,176,10020.99370889
p_901549,33.904869,-118.238258,177,10069.76692122
p_901549,33.904644,-118.238251,178,10094.73246715
p_901549,33.903988,-118.23819,179,10167.71481062
p_901549,33.903362,-118.238152,180,10237.24002569
p_901549,33.903263,-118.238159,181,10248.24023799
p_901549,33.903263,-118.237595,182,10300.4042479
p_901549,33.903206,-118.237595,183,10306.72672435
p_901549,33.903263,-118.237595,184,10313.0492008
p_901549,33.903259,-118.237411,185,10330.07302969
p_901549,33.903259,-118.234474,186,10601.7143493
p_901549,33.903259,-118.232742,187,10761.90596168
p_901549,33.903255,-118.2323,188,10802.7886778
p_901549,33.903255,-118.231964,189,10833.86511214
p_901549,33.903255,-118.230171,190,10999.69858467
p_901549,33.903255,-118.230026,191,11013.10954592
p_901549,33.903252,-118.229218,192,11087.84171352
p_901549,33.903252,-118.227898,193,11209.92770984
p_901549,33.903255,-118.227821,194,11217.05716278
p_901549,33.903252,-118.227448,195,11251.5573099
p_901549,33.903252,-118.226677,196,11322.86663048
p_901549,33.903255,-118.226494,197,11339.79545955
p_901549,33.903255,-118.226067,198,11379.28842819
p_901549,33.903252,-118.225754,199,11408.23951955
p_901549,33.903255,-118.225632,200,11419.52813066
p_901549,33.903255,-118.225197,201,11459.76101441
p_901549,33.903255,-118.225029,202,11475.29923158
p_901549,33.903091,-118.224968,203,11494.34503128
p_901549,33.902992,-118.224937,204,11505.69431369
p_901549,33.902836,-118.224884,205,11523.67887396
p_901549,33.902599,-118.224823,206,11550.56566996
p_901549,33.902287,-118.224792,207,11585.2914751
p_901549,33.901615,-118.224739,208,11659.99114499
p_901549,33.901573,-118.224739,209,11664.6498106
p_901549,33.900623,-118.224678,210,11770.17531595
p_901549,33.900623,-118.224586,211,11778.68460111
p_901549,33.900627,-118.224525,212,11784.34404545
p_901549,33.900631,-118.224449,213,11791.38744269
p_901549,33.900661,-118.224213,214,11813.46778751
p_901549,33.900677,-118.222351,215,11985.69737127
p_901549,33.899994,-118.222298,216,12061.61456627
p_901549,33.899788,-118.222275,217,12084.56302132
p_901549,33.899353,-118.222237,218,12132.94131521
p_901549,33.899071,-118.222221,219,12164.255904
p_901549,33.8983,-118.222198,220,12249.8021096
p_901549,33.898212,-118.222221,221,12259.79225626
p_901549,33.89814,-118.222244,222,12268.05702572
p_901549,33.898064,-118.222298,223,12277.85557427
p_901549,33.898006,-118.222397,224,12289.04661143
p_901549,33.897976,-118.222557,225,12304.21531907
p_901549,33.897961,-118.222801,226,12326.84536872
p_901549,33.897953,-118.222977,227,12343.14867469
p_901549,33.897934,-118.223831,228,12422.16761896
p_901549,33.897896,-118.223938,229,12432.92477026
p_901551,33.8979790752778,-118.224004088751,1,0
p_901551,33.897861300604,-118.224078581859,2,14.76936056
p_901551,33.8973725339709,-118.224039561659,3,69.10362259
p_901551,33.89724,-118.223969,4,85.18805542
p_901551,33.897152,-118.223961,5,94.97706984
p_901551,33.896881,-118.223946,6,125.06853547
p_901551,33.896767,-118.22393,7,137.79978547
p_901551,33.89666,-118.223946,8,149.76019622
p_901551,33.896515,-118.223991,9,166.37354346
p_901551,33.896473,-118.223999,10,171.09060717
p_901551,33.896336,-118.224037,11,186.68791935
p_901551,33.896206,-118.224037,12,201.10758614
p_901551,33.895973,-118.22403,13,226.96017445
p_901551,33.895973,-118.224159,14,238.89231978
p_901551,33.895969,-118.224205,15,243.1702636
p_901551,33.895969,-118.224365,16,257.96982439
p_901551,33.89603,-118.224495,17,271.76738721
p_901551,33.89603,-118.224808,18,300.71900739
p_901551,33.896034,-118.225182,19,335.31580039
p_901551,33.89603,-118.225342,20,350.12199947
p_901551,33.895973,-118.225403,21,358.59604849
p_901551,33.895977,-118.22599,22,412.89374609
p_901551,33.895977,-118.226059,23,419.27605609
p_901551,33.895985,-118.226456,24,456.00818106
p_901551,33.895969,-118.226913,25,498.31666156
p_901551,33.895966,-118.227043,26,510.34590834
p_901551,33.895966,-118.227188,27,523.75801077
p_901551,33.89595,-118.22789,28,588.71534066
p_901551,33.895947,-118.228119,29,609.89983074
p_901551,33.895947,-118.228233,30,620.44452051
p_901551,33.895931,-118.228722,31,665.71049798
p_901551,33.895588,-118.228691,32,703.86413363
p_901551,33.895103,-118.228653,33,757.7752804
p_901551,33.894833,-118.228638,34,787.75593548
p_901551,33.89407,-118.228592,35,872.49515523
p_901551,33.893051,-118.228531,36,985.66386131
p_901551,33.892223,-118.22847,37,1077.67916139
p_901551,33.892048,-118.228455,38,1097.13976568
p_901551,33.892063,-118.228149,39,1125.49407599
p_901551,33.892132,-118.226746,40,1255.4990687
p_901551,33.892155,-118.226257,41,1300.80413232
p_901551,33.8920622016185,-118.2258420715,42,1340.54187849
p_901551,33.89218857993,-118.224116608755,43,1500.76400297
p_901551,33.8900401231704,-118.223998194645,44,1739.32333421
p_901551,33.8885797033666,-118.223862864233,45,1901.79666898
p_901551,33.888584,-118.226028,46,2102.08361729
p_901551,33.888584,-118.226555,47,2150.83387208
p_901551,33.888569,-118.227768,48,2263.0550572
p_901551,33.888569,-118.227997,49,2284.23875796
p_901551,33.888569,-118.228226,50,2305.42245872
p_901551,33.888561,-118.228615,51,2341.41793945
p_901551,33.888557,-118.228813,52,2359.73935281
p_901551,33.88855,-118.229309,53,2405.62853104
p_901551,33.888546,-118.229561,54,2428.94408
p_901551,33.888542,-118.229774,55,2448.65269734
p_901551,33.888542,-118.230598,56,2524.877042
p_901551,33.888538,-118.230843,57,2547.54517681
p_901551,33.888538,-118.231819,58,2637.83032713
p_901551,33.888542,-118.232086,59,2662.53322024
p_901551,33.888542,-118.232323,60,2684.45696986
p_901551,33.888538,-118.232552,61,2705.64532362
p_901551,33.888535,-118.232803,62,2728.86653291
p_901551,33.888535,-118.233299,63,2774.74915189
p_901551,33.888527,-118.234459,64,2882.05895088
p_901551,33.888523,-118.235207,65,2951.25433101
p_901551,33.888515,-118.235428,66,2971.7172508
p_901551,33.888519,-118.235703,67,2997.16007704
p_901551,33.888527,-118.236214,68,3044.43860996
p_901551,33.888515,-118.236816,69,3100.14270261
p_901551,33.888512,-118.237091,70,3125.58383734
p_901551,33.888577,-118.237282,71,3144.66675355
p_901551,33.888577,-118.237366,72,3152.43719328
p_901551,33.888561,-118.238556,73,3262.53273816
p_901551,33.888561,-118.238899,74,3294.26203964
p_901551,33.888557,-118.239296,75,3330.98930563
p_901551,33.88855,-118.240326,76,3426.27288724
p_901551,33.888542,-118.241013,77,3489.8302014
p_901551,33.888542,-118.241959,78,3577.34018933
p_901551,33.888535,-118.243477,79,3717.76534552
p_901551,33.888535,-118.244118,80,3777.06123013
p_901551,33.888515,-118.246437,81,3991.59247022
p_901551,33.888512,-118.246956,82,4039.60387587
p_901551,33.888508,-118.249176,83,4244.96613711
p_901551,33.888496,-118.249527,84,4277.46277383
p_901551,33.888466,-118.249886,85,4310.83848868
p_901551,33.888374,-118.250008,86,4326.05366147
p_901551,33.888348,-118.250145,87,4339.05090323
p_901551,33.887585,-118.249947,88,4425.64245964
p_901551,33.887573,-118.249947,89,4426.97350393
p_901551,33.887402,-118.249901,90,4446.41235853
p_901551,33.887341,-118.249893,91,4453.21885167
p_901551,33.887009,-118.249809,92,4490.85531395
p_901551,33.886887,-118.249779,93,4504.66923628
p_901551,33.886639,-118.249718,94,4532.75030277
p_901551,33.883659,-118.249008,95,4869.75535515
p_901551,33.88327,-118.248917,96,4913.71692728
p_901551,33.883301,-118.248802,97,4924.8975654
p_901551,33.883415,-118.248352,98,4968.40551402
p_901551,33.883545,-118.24791,99,5011.76329545
p_901551,33.883629,-118.24762,100,5040.16326081
p_901551,33.883602,-118.244102,101,5365.62929603
p_901551,33.88364,-118.24324,102,5445.48473557
p_901551,33.883678,-118.242416,103,5521.82986501
p_901551,33.883717,-118.241562,104,5600.95217764
p_901551,33.883755,-118.240898,105,5662.52356395
p_901551,33.883766,-118.2407,106,5680.88122181
p_901551,33.883797,-118.23983,107,5761.43869818
p_901551,33.883839,-118.238983,108,5839.93335019
p_901551,33.883884,-118.238136,109,5918.44841453
p_901551,33.883923,-118.237305,110,5995.44607153
p_901551,33.883953,-118.236763,111,6045.69692082
p_901551,33.884327,-118.236794,112,6087.28011919
p_901551,33.88446,-118.236801,113,6102.04672496
p_901551,33.885773,-118.2369,114,6247.97277141
p_901551,33.887135,-118.236984,115,6399.2459836
p_901551,33.887981,-118.237053,116,6493.30143967
p_901551,33.888512,-118.237091,117,6552.30496044
p_901551,33.888889,-118.237114,118,6594.17603349
p_901551,33.888943,-118.237114,119,6600.16573407
p_901551,33.889534,-118.237152,120,6665.81386141
p_901551,33.890537,-118.237206,121,6777.17910813
p_901551,33.890915,-118.237228,122,6819.15638366
p_901551,33.891247,-118.237259,123,6856.09344245
p_901551,33.892624,-118.23735,124,7009.06266256
p_901551,33.892803,-118.237366,125,7028.97250812
p_901551,33.892841,-118.236267,126,7130.7180688
p_901551,33.892899,-118.235229,127,7226.94898068
p_901551,33.892887,-118.235046,128,7243.92883655
p_901551,33.892857,-118.234909,129,7257.03102516
p_901551,33.892818,-118.234779,130,7269.81054012
p_901551,33.892776,-118.234665,131,7281.33884275
p_901551,33.892746,-118.234596,132,7288.53675569
p_901551,33.892654,-118.234482,133,7303.21103358
p_901551,33.89257,-118.234406,134,7314.88297631
p_901551,33.892464,-118.234329,135,7328.62966578
p_901551,33.892342,-118.234268,136,7343.29123297
p_901551,33.892242,-118.23423,137,7354.92691072
p_901551,33.891731,-118.234161,138,7411.96548508
p_901551,33.891586,-118.234131,139,7428.28659738
p_901551,33.891479,-118.234077,140,7441.16340148
p_901551,33.891373,-118.233994,141,7455.20573383
p_901551,33.891266,-118.233887,142,7470.65973881
p_901551,33.891182,-118.233788,143,7483.7240599
p_901551,33.891117,-118.233681,144,7495.96935791
p_901551,33.891052,-118.233513,145,7513.10080299
p_901551,33.890961,-118.233238,146,7540.46842816
p_901551,33.890888,-118.233086,147,7556.6937059
p_901551,33.89082,-118.232971,148,7569.73417516
p_901551,33.890732,-118.232895,149,7581.76334844
p_901551,33.890648,-118.232841,150,7592.33519652
p_901551,33.890553,-118.232819,151,7603.06735012
p_901551,33.890289,-118.232819,152,7632.35033791
p_901551,33.889957,-118.232811,153,7669.18334656
p_901551,33.889748,-118.232803,154,7692.37751843
p_901551,33.889381,-118.232811,155,7733.09202864
p_901551,33.888535,-118.232803,156,7826.93358977
p_901551,33.888538,-118.23246,157,7858.66464519
p_901551,33.888542,-118.232323,158,7871.34563196
p_901551,33.888542,-118.232086,159,7893.26938158
p_901551,33.888538,-118.231819,160,7917.97227469
p_901551,33.888538,-118.230843,161,8008.25742501
p_901551,33.888542,-118.230598,162,8030.92555982
p_901551,33.888542,-118.229774,163,8107.14990448
p_901551,33.888546,-118.229561,164,8126.85852182
p_901551,33.88855,-118.229309,165,8150.17407078
p_901551,33.888557,-118.228813,166,8196.06324901
p_901551,33.888561,-118.228615,167,8214.38466237
p_901551,33.888569,-118.228226,168,8250.3801431
p_901551,33.888569,-118.227905,169,8280.07432626
p_901551,33.888569,-118.227768,170,8292.74754462
p_901551,33.888584,-118.226555,171,8404.96872974
p_901551,33.888584,-118.226204,172,8437.43806453
p_901551,33.888584,-118.226028,173,8453.71898453
p_901551,33.888592,-118.225594,174,8493.87605667
p_901551,33.888592,-118.224426,175,8601.92215208
p_901551,33.888588,-118.223869,176,8653.4494703
p_901551,33.888592,-118.22377,177,8662.61822846
p_901551,33.888592,-118.223663,178,8672.51628686
p_901551,33.888596,-118.223564,179,8681.68504459
p_901551,33.888603,-118.223106,180,8724.05954514
p_901551,33.888607,-118.222015,181,8824.98369867
p_901551,33.888611,-118.221733,182,8851.07393798
p_901551,33.888611,-118.221519,183,8870.87005039
p_901551,33.887592,-118.221451,184,8984.07280949
p_901551,33.886593,-118.221375,185,9095.10504591
p_901551,33.885612,-118.221306,186,9204.10494646
p_901551,33.884777,-118.221252,187,9296.85802924
p_901551,33.884621,-118.221245,188,9314.1737098
p_901551,33.883636,-118.221169,189,9423.65618475
p_901551,33.883072,-118.22113,190,9486.31917544
p_901551,33.882912,-118.221123,191,9504.07823015
p_901551,33.882637,-118.221107,192,9534.6171969
p_901551,33.881908,-118.221062,193,9615.58516155001
p_901551,33.881195,-118.221016,194,9694.78571156001
p_901551,33.881199,-118.220734,195,9720.87820653001
p_901551,33.88121,-118.220047,196,9784.44648011001
p_901551,33.881233,-118.218575,197,9920.64976654001
p_901551,33.881241,-118.218086,198,9965.89740235
p_901551,33.88102,-118.218124,199,9990.66157480001
p_901551,33.880623,-118.218071,200,10034.96904779
p_901551,33.880249,-118.218025,201,10076.67092413
p_901551,33.879551,-118.217926,202,10154.63309935
p_901551,33.878719,-118.217789,203,10247.7850167
p_901551,33.878506,-118.217751,204,10271.67115178
p_901551,33.878025,-118.217674,205,10325.49725189
p_901551,33.877403,-118.217583,206,10395.00138736
p_901551,33.877117,-118.217545,207,10426.91877027
p_901551,33.876644,-118.217468,208,10479.8654487
p_901551,33.87653,-118.217499,209,10492.83152891
p_901551,33.876438,-118.217537,210,10503.6248177
p_901551,33.87635,-118.217651,211,10517.99554611
p_901551,33.876274,-118.217789,212,10533.29502516
p_901551,33.876209,-118.217857,213,10542.8637935
p_901551,33.876095,-118.217903,214,10556.20567305
p_901551,33.876038,-118.217934,215,10563.14824052
p_901551,33.875965,-118.217964,216,10571.70790944
p_901551,33.875893,-118.217972,217,10579.72838461
p_901551,33.875809,-118.217964,218,10589.07502888
p_901551,33.875729,-118.217934,219,10598.37259738
p_901551,33.874622,-118.21756,220,10725.94360144
p_901551,33.874287,-118.21743,221,10764.99996425
p_901551,33.874142,-118.217407,222,10781.22354532
p_901551,33.874142,-118.217232,223,10797.41468769
p_901551,33.874168,-118.216431,224,10871.57994012
p_901551,33.874195,-118.21553,225,10954.99493388
p_901551,33.874184,-118.214561,226,11044.65585473
p_901551,33.874313,-118.214584,227,11059.12191972
p_901551,33.87466,-118.21463,228,11097.84578646
p_901551,33.875134,-118.214699,229,11150.80807974
p_901551,33.875179,-118.214706,230,11155.84132608
p_901551,33.8755,-118.214752,231,11191.70014085
p_901551,33.87595,-118.214821,232,11242.02078243
p_901551,33.876541,-118.214905,233,11308.03365349
p_901551,33.87672,-118.214935,234,11328.08142384
p_901551,33.877453,-118.21505,235,11410.07909772
p_901551,33.877583,-118.215065,236,11424.56534615
p_901551,33.877876,-118.215118,237,11457.4327788
p_901551,33.878288,-118.215179,238,11503.47904316
p_901551,33.878704,-118.21524,239,11549.96567489
p_901551,33.878738,-118.215248,240,11553.80890158
p_901551,33.879391,-118.215347,241,11626.81658721
p_901551,33.880112,-118.215424,242,11707.10670496
p_901551,33.880802,-118.215485,243,11783.84943883
p_901551,33.881222,-118.2155,244,11830.45660263
p_901551,33.8886011241038,-118.215953323874,245,12650.02496216
p_901551,33.888607,-118.219849,246,13010.39587277
p_901551,33.888607,-118.220024,247,13026.5842832
p_901551,33.888611,-118.220451,248,13066.08649549
p_901551,33.888611,-118.22139,249,13152.94887657
p_901551,33.888611,-118.221519,250,13164.88204714
p_901551,33.888607,-118.222015,251,13210.76677164
p_901551,33.888603,-118.223106,252,13311.69092517
p_901551,33.888596,-118.223564,253,13354.06542572
p_901551,33.888592,-118.223663,254,13363.23418345
p_901551,33.888592,-118.22377,255,13373.13224185
p_901551,33.888588,-118.223869,256,13382.30100001
p_901551,33.888592,-118.224426,257,13433.82831823
p_901551,33.888592,-118.225594,258,13541.87441364
p_901551,33.888584,-118.226028,259,13582.03148578
p_901551,33.889091,-118.226059,260,13638.34118544
p_901551,33.890118,-118.226128,261,13752.43510641
p_901551,33.890175,-118.226128,262,13758.7575694
p_901551,33.891109,-118.226189,263,13862.51078853
p_901551,33.891716,-118.226227,264,13929.93118213
p_901551,33.892155,-118.226257,265,13978.7042635
p_901551,33.892097,-118.226074,266,13996.81330549
p_901551,33.892109,-118.225853,267,14017.29940801
p_901551,33.892132,-118.225296,268,14068.88581502
p_901551,33.892151,-118.224937,269,14102.16061983
p_901551,33.892151,-118.224922,270,14103.54814048
p_901551,33.89217,-118.224586,271,14134.69996945
p_901551,33.892185,-118.224236,272,14167.11816543
p_901551,33.892254,-118.224113,273,14180.83047284
p_901551,33.892258,-118.224022,274,14189.25977265
p_901551,33.892262,-118.223961,275,14194.91976616
p_901551,33.892262,-118.223915,276,14199.17482398
p_901551,33.892265,-118.223808,277,14209.07805049
p_901551,33.892628,-118.223831,278,14249.39834113
p_901551,33.892723,-118.223839,279,14259.96173581
p_901551,33.893867,-118.223923,280,14387.09240935
p_901551,33.894756,-118.223991,281,14485.90111933
p_901551,33.895061,-118.224007,282,14519.76422487
p_901551,33.895416,-118.224007,283,14559.14100066
p_901551,33.895973,-118.22403,284,14620.9603387
p_901551,33.895966,-118.223083,285,14708.55867975
p_901551,33.895966,-118.222694,286,14744.54011318
p_901551,33.895969,-118.222015,287,14807.3466319
p_901551,33.895962,-118.221443,288,14860.26076082
p_901551,33.8959700003685,-118.220408329218,289,14955.96908536
p_901551,33.8984434229792,-118.220751782384,290,15232.15555628
p_901551,33.898452256025,-118.221468335145,291,15298.44004334
p_901551,33.8983168158884,-118.221837253398,292,15335.72368608
p_901551,33.8983050384748,-118.222191982487,293,15368.56025226
p_901551,33.8981460432381,-118.222255833725,294,15387.15870844
p_901551,33.8980724342301,-118.222479313051,295,15409.38349925
p_901551,33.8980312131582,-118.223876945663,296,15538.7383687
p_901551,33.8979782146076,-118.224011742717,297,15552.52280989
p_901553,33.8980050781117,-118.224001843216,1,0
p_901553,33.8978666222556,-118.224085247104,2,17.18629214
p_901553,33.8973721352195,-118.224037587739,3,72.21192488
p_901553,33.8971743396024,-118.223966098692,4,95.12633505
p_901553,33.896881,-118.223946,5,127.71678441
p_901553,33.896767,-118.22393,6,140.44803441
p_901553,33.89666,-118.223946,7,152.40844516
p_901553,33.896515,-118.223991,8,169.0217924
p_901553,33.896473,-118.223999,9,173.73885611
p_901553,33.896336,-118.224037,10,189.33616829
p_901553,33.896206,-118.224037,11,203.75583508
p_901553,33.895973,-118.22403,12,229.60842339
p_901553,33.895416,-118.224007,13,291.42776143
p_901553,33.895061,-118.224007,14,330.80453722
p_901553,33.894756,-118.223991,15,364.66764276
p_901553,33.893867,-118.223923,16,463.47635274
p_901553,33.892628,-118.223831,17,601.17002988
p_901553,33.892265,-118.223808,18,641.49032052
p_901553,33.891876,-118.223778,19,684.72751657
p_901553,33.891254,-118.223755,20,753.75281951
p_901553,33.890236,-118.223679,21,866.88844045
p_901553,33.889214,-118.22361,22,980.42863394
p_901553,33.88892,-118.223595,23,1013.0687338
p_901553,33.888596,-118.223564,24,1049.12116584
p_901553,33.888603,-118.223106,25,1091.49566639
p_901553,33.888607,-118.222015,26,1192.41981992
p_901553,33.888611,-118.221733,27,1218.51005923
p_901553,33.888611,-118.220451,28,1337.10172328
p_901553,33.888607,-118.220024,29,1376.60393557
p_901553,33.888607,-118.219849,30,1392.792346
p_901553,33.888603,-118.219757,31,1401.31438233
p_901553,33.888596,-118.219574,32,1418.26063272
p_901553,33.888584,-118.219292,33,1444.38104074
p_901553,33.888523,-118.219177,34,1456.9885768
p_901553,33.888523,-118.218834,35,1488.71789235
p_901553,33.888531,-118.218689,36,1502.16047921
p_901553,33.888531,-118.217773,37,1586.89531983
p_901553,33.888535,-118.21727,38,1633.42759214
p_901553,33.888538,-118.216873,39,1670.15369528
p_901553,33.888538,-118.216415,40,1712.52111213
p_901553,33.888535,-118.216003,41,1750.63473957
p_901553,33.887749,-118.21595,42,1837.95589514
p_901553,33.887379,-118.215927,43,1879.05154142
p_901553,33.886356,-118.215858,44,1992.70243939
p_901553,33.884941,-118.215767,45,2149.8802935
p_901553,33.884846,-118.215759,46,2160.44367959
p_901553,33.884361,-118.215729,47,2214.31156591
p_901553,33.883957,-118.215706,48,2259.17385068
p_901553,33.883743,-118.215691,49,2282.95131907
p_901553,33.88332,-118.215668,50,2329.91882009
p_901553,33.881714,-118.215546,51,2508.41395098
p_901553,33.881222,-118.2155,52,2563.15238693
p_901553,33.881226,-118.215019,53,2607.6534341
p_901553,33.881233,-118.214363,54,2668.34703714
p_901553,33.881245,-118.213837,55,2717.02715718
p_901553,33.881252,-118.213219,56,2774.20555263
p_901553,33.881256,-118.212898,57,2803.90558439
p_901553,33.881256,-118.211922,58,2894.19840575
p_901553,33.881268,-118.21096,59,2983.20598991
p_901553,33.881279,-118.209984,60,3073.50703619
p_901553,33.88129,-118.20874,61,3188.59980748
p_901553,33.88129,-118.208649,62,3197.01849958
p_901553,33.881298,-118.208092,63,3248.55593363
p_901553,33.881306,-118.207184,64,3332.56250336
p_901553,33.881348,-118.204933,65,3540.8615038
p_901553,33.881348,-118.204811,66,3552.14809435
p_901553,33.881905,-118.204971,67,3615.67908997
p_901553,33.881981,-118.204994,68,3624.37341846
p_901553,33.882198,-118.205055,69,3649.09580702
p_901553,33.88269,-118.205208,70,3705.47427662
p_901553,33.883011,-118.205299,71,3742.06138939
p_901553,33.88306,-118.205368,72,3750.44508947
p_901553,33.88311,-118.205383,73,3756.16207207
p_901553,33.883762,-118.205582,74,3830.78848126
p_901553,33.884983,-118.205956,75,3970.57170653
p_901553,33.88562,-118.206139,76,4043.22773881
p_901553,33.886112,-118.206284,77,4099.4248691
p_901553,33.886276,-118.206329,78,4118.08604344
p_901553,33.88673,-118.206474,79,4170.19972303
p_901553,33.887192,-118.206612,80,4223.01108846
p_901553,33.887329,-118.20665,81,4238.60846316
p_901553,33.887806,-118.206795,82,4293.1912729
p_901553,33.888123,-118.206886,83,4329.34666504
p_901553,33.888172,-118.206902,84,4334.97968911
p_901553,33.888412,-118.206978,85,4362.51327845
p_901553,33.88868,-118.207054,86,4393.0599782
p_901553,33.888687,-118.206657,87,4429.7927178
p_901553,33.888687,-118.206627,88,4432.56787128
p_901553,33.888683,-118.206467,89,4447.37533879
p_901553,33.888687,-118.206062,90,4484.8425388
p_901553,33.888687,-118.205536,91,4533.50022988
p_901553,33.888691,-118.205452,92,4541.28331597
p_901553,33.888695,-118.205063,93,4577.27053877
p_901553,33.888653,-118.204979,94,4586.3304875
p_901553,33.888657,-118.204628,95,4618.80282662
p_901553,33.888702,-118.204521,96,4629.88820453
p_901553,33.888699,-118.204086,97,4670.12929956
p_901553,33.888699,-118.203743,98,4701.85854995
p_901553,33.888702,-118.203491,99,4725.17221045
p_901553,33.888706,-118.203262,100,4746.36052368
p_901553,33.888706,-118.202721,101,4796.40578041
p_901553,33.88871,-118.202461,102,4820.46119672
p_901553,33.88871,-118.201752,103,4886.04730646
p_901553,33.888718,-118.201508,104,4908.63598379
p_901553,33.888725,-118.201126,105,4943.98145311
p_901553,33.888618,-118.201118,106,4955.87298311
p_901553,33.888725,-118.201126,107,4967.76451311
p_901553,33.888721,-118.200699,108,5007.26667286
p_901553,33.888668,-118.200584,109,5019.42105307
p_901553,33.888676,-118.200127,110,5061.70521054
p_901553,33.888725,-118.200027,111,5072.43424748
p_901553,33.888725,-118.199463,112,5124.60710984
p_901553,33.888729,-118.199295,113,5140.15429422
p_901553,33.888729,-118.198906,114,5176.13876676
p_901553,33.888733,-118.198654,115,5199.45426594
p_901553,33.888737,-118.198509,116,5212.87483629
p_901553,33.888741,-118.198273,117,5234.71053851
p_901553,33.888741,-118.197548,118,5301.77670545
p_901553,33.888744,-118.19735,119,5320.0957291
p_901553,33.888744,-118.197273,120,5327.21861831
p_901553,33.888695,-118.197166,121,5338.51072016
p_901553,33.888702,-118.19648,122,5401.97397119
p_901553,33.888748,-118.196388,123,5411.89676786
p_901553,33.888748,-118.196014,124,5446.49365667
p_901553,33.888706,-118.195938,125,5454.92748115
p_901553,33.888706,-118.195618,126,5484.52911175
p_901553,33.888748,-118.195511,127,5495.46868788
p_901553,33.888756,-118.195091,128,5534.33093933
p_901553,33.888756,-118.194923,129,5549.87178633
p_901553,33.88876,-118.194656,130,5574.57461662
p_901553,33.888714,-118.194557,131,5585.05807177
p_901553,33.888714,-118.194344,132,5604.7616553
p_901553,33.888714,-118.19413,133,5624.55774391
p_901553,33.88871,-118.193794,134,5655.64262041
p_901553,33.888714,-118.193405,135,5691.62983524
p_901553,33.888718,-118.192963,136,5732.51948993
p_901553,33.888718,-118.192833,137,5744.54515068
p_901553,33.888721,-118.192459,138,5779.14365124
p_901553,33.888618,-118.192444,139,5790.65240433
p_901553,33.888603,-118.192307,140,5803.43436651
p_901553,33.888618,-118.192444,141,5816.21632868999
p_901553,33.888721,-118.192459,142,5827.72508177999
p_901553,33.888729,-118.191772,143,5891.28226321
p_901553,33.888737,-118.191216,144,5942.72273437
p_901553,33.888737,-118.191124,145,5951.23320009
p_901553,33.888741,-118.190712,146,5989.34786727999
p_901553,33.888748,-118.190605,147,5999.27631501999
p_901553,33.888756,-118.190498,148,6009.21405154999
p_901553,33.888756,-118.190475,149,6011.34166750999
p_901553,33.888767,-118.190262,150,6031.08298145999
p_901553,33.888783,-118.190041,151,6051.60347924
p_901553,33.888821,-118.189781,152,6076.02131985999
p_901553,33.888882,-118.189499,153,6102.97091311
p_901553,33.888927,-118.189232,154,6128.16903071
p_901553,33.888962,-118.189041,155,6146.25893923
p_901553,33.888992,-118.18882,156,6166.97154902
p_901553,33.889008,-118.188629,157,6184.72887028
p_901553,33.889023,-118.188438,158,6202.47544579
p_901553,33.889038,-118.188187,159,6225.75367306999
p_901553,33.88905,-118.187897,160,6252.61304592999
p_901553,33.889057,-118.187714,161,6269.55920673999
p_901553,33.889061,-118.186768,162,6357.06979147999
p_901553,33.889061,-118.186684,163,6364.84018731999
p_901553,33.889065,-118.186615,164,6371.23841428999
p_901553,33.889065,-118.186462,165,6385.39163462999
p_901553,33.889069,-118.186348,166,6395.94650047
p_901553,33.889061,-118.185699,167,6455.98861356
p_901553,33.889057,-118.185341,168,6489.10827336
p_901553,33.889057,-118.185005,169,6520.18985818
p_901553,33.889053,-118.184906,170,6529.35856671
p_901553,33.88905,-118.184769,171,6542.03608165
p_901553,33.88905,-118.18248,172,6753.77939555
p_901553,33.889153,-118.182404,173,6767.19401202
p_901553,33.889702,-118.18203,174,6837.23087805
p_901553,33.889854,-118.181931,175,6856.41741461999
p_901553,33.891216,-118.181007,176,7029.99404379999
p_901553,33.891571,-118.180763,177,7075.38079961999
p_901553,33.891621,-118.180733,178,7081.58235654
p_901553,33.891708,-118.180565,179,7099.87512905999
p_901553,33.892548,-118.180008,180,7206.34525558999
p_901553,33.892548,-118.180092,181,7214.11533524
p_901553,33.892544,-118.180214,182,7225.40916964
p_901553,33.89254,-118.180641,183,7264.90956916
p_901553,33.892536,-118.181488,184,7343.25913771
p_901553,33.892536,-118.181625,185,7355.93176939
p_901553,33.893375,-118.181664,186,7449.06392606
p_901553,33.894268,-118.181709,187,7548.20332723
p_901553,33.89587,-118.181793,188,7726.06774621
p_901553,33.895931,-118.181801,189,7732.87424067
p_901553,33.896091,-118.181808,190,7750.63332933
p_901553,33.896214,-118.181816,191,7764.29660482
p_901553,33.896328,-118.181816,192,7776.94154339
p_901553,33.896313,-118.182472,193,7837.64230045
p_901553,33.896305,-118.183472,194,7930.14344464
p_901553,33.896301,-118.183853,195,7965.38755421
p_901553,33.896248,-118.183952,196,7976.26939093
p_901553,33.896236,-118.185432,197,8113.17136279
p_901553,33.896236,-118.185623,198,8130.83828342
p_901553,33.896225,-118.187073,199,8264.96444346
p_901553,33.896221,-118.187187,200,8275.51842942
p_901553,33.896217,-118.187935,201,8344.7075968
p_901553,33.89621,-118.188843,202,8428.69845354
p_901553,33.89621,-118.188988,203,8442.11051777999
p_901553,33.896194,-118.190125,204,8547.29458380999
p_901553,33.896179,-118.191216,205,8648.2225477
p_901553,33.896175,-118.191673,206,8690.49601897
p_901553,33.896168,-118.192291,207,8747.66446036
p_901553,33.896172,-118.192757,208,8790.77036346
p_901553,33.89616,-118.193352,209,8845.822197
p_901553,33.896156,-118.193489,210,8858.50205781
p_901553,33.896156,-118.193924,211,8898.73827588
p_901553,33.896152,-118.194023,212,8907.90622661
p_901553,33.896152,-118.194527,213,8954.52474351
p_901553,33.896149,-118.194847,214,8984.12567283
p_901553,33.896126,-118.195572,215,9051.23456021
p_901553,33.896122,-118.196312,216,9119.68384299
p_901553,33.896118,-118.196518,217,9138.74340879
p_901553,33.896118,-118.196686,218,9154.28292059
p_901553,33.896111,-118.197418,219,9221.99524802
p_901553,33.896118,-118.197784,220,9255.85808857
p_901553,33.896111,-118.198555,221,9327.17757764
p_901553,33.896107,-118.198746,222,9344.85009483
p_901553,33.896107,-118.198761,223,9346.23755142
p_901553,33.896103,-118.198837,224,9353.28131914
p_901553,33.896099,-118.198891,225,9358.29583019
p_901553,33.896091,-118.19915,226,9382.26901244
p_901553,33.896088,-118.199341,227,9399.93909683
p_901553,33.896084,-118.199562,228,9420.38577665
p_901553,33.896133,-118.199646,229,9429.86783797
p_901553,33.896141,-118.200035,230,9465.8601399
p_901553,33.896145,-118.200447,231,9503.97151423
p_901553,33.896088,-118.200531,232,9513.98863581
p_901553,33.896084,-118.200844,233,9542.94363656999
p_901553,33.896076,-118.201324,234,9587.35112808999
p_901553,33.896072,-118.201614,235,9614.17896823
p_901553,33.896069,-118.201935,236,9643.87241649999
p_901553,33.896069,-118.202362,237,9683.36869824999
p_901553,33.896065,-118.202637,238,9708.80928344999
p_901553,33.896057,-118.203362,239,9775.87559194
p_901553,33.896053,-118.203651,240,9802.61095356
p_901553,33.896046,-118.203972,241,9832.31269487
p_901553,33.896042,-118.204185,242,9852.01958809
p_901553,33.896042,-118.204323,243,9864.78419839
p_901553,33.89603,-118.204605,244,9890.90234266
p_901553,33.896027,-118.205292,245,9954.44878393
p_901553,33.896023,-118.205582,246,9981.27663941
p_901553,33.896015,-118.205978,247,10017.91627796
p_901553,33.896011,-118.206261,248,10044.09674748
p_901553,33.896008,-118.206573,249,10072.95779577
p_901553,33.896011,-118.206955,250,10108.29329733
p_901553,33.896011,-118.207199,251,10130.86261647
p_901553,33.896015,-118.207413,252,10150.66199069
p_901553,33.896011,-118.207535,253,10161.95536881
p_901553,33.896206,-118.207558,254,10183.68924161
p_901553,33.896202,-118.207672,255,10194.24322991
p_901553,33.896206,-118.207558,256,10204.79721821
p_901553,33.896011,-118.207535,257,10226.53109101
p_901553,33.896011,-118.207909,258,10261.1250474
p_901553,33.896015,-118.208015,259,10270.93978499
p_901553,33.896027,-118.208481,260,10314.06402614
p_901553,33.896027,-118.209358,261,10395.18406379
p_901553,33.89603,-118.209724,262,10429.03967095
p_901553,33.896027,-118.209793,263,10435.430646
p_901553,33.896027,-118.210434,264,10494.72134627
p_901553,33.896023,-118.2108,265,10528.57822672
p_901553,33.896023,-118.21154,266,10597.02615223
p_901553,33.896019,-118.211906,267,10630.88303426
p_901553,33.896019,-118.212646,268,10699.33096296
p_901553,33.896015,-118.212921,269,10724.771563
p_901553,33.896011,-118.213249,270,10755.11389109
p_901553,33.896004,-118.213684,271,10795.35766976
p_901553,33.896004,-118.214203,272,10843.36372545
p_901553,33.896008,-118.214447,273,10865.93740658
p_901553,33.896011,-118.21479,274,10897.66569505
p_901553,33.896011,-118.215782,275,10989.42292696
p_901553,33.896008,-118.216156,276,11024.01848434
p_901553,33.895996,-118.216934,277,11095.99362962
p_901553,33.895996,-118.217529,278,11151.02947896
p_901553,33.895992,-118.218063,279,11200.42499135
p_901553,33.895992,-118.218292,280,11221.60685704
p_901553,33.8959578864696,-118.220367816636,281,11413.65146526
p_901553,33.8984402236242,-118.220737176715,282,11691.10506759
p_901553,33.8984501132693,-118.221440152348,283,11756.13575728
p_901553,33.8983314374542,-118.221785682744,284,11790.70023417
p_901553,33.8983116581359,-118.222202702188,285,11829.33467242
p_901553,33.8981237543809,-118.222250361553,286,11850.63814031
p_901553,33.8980347471945,-118.223846950279,287,11998.64422368
p_901553,33.8979754090185,-118.224013758057,288,12015.41834622
p_901719,33.8979790752778,-118.224004088751,1,0
p_901719,33.897861300604,-118.224078581859,2,14.76936056
p_901719,33.8973725339709,-118.224039561659,3,69.10362259
p_901719,33.89724,-118.223969,4,85.18805542
p_901719,33.897152,-118.223961,5,94.97706984
p_901719,33.896881,-118.223946,6,125.06853547
p_901719,33.896767,-118.22393,7,137.79978547
p_901719,33.89666,-118.223946,8,149.76019622
p_901719,33.896515,-118.223991,9,166.37354346
p_901719,33.896473,-118.223999,10,171.09060717
p_901719,33.896336,-118.224037,11,186.68791935
p_901719,33.896206,-118.224037,12,201.10758614
p_901719,33.895973,-118.22403,13,226.96017445
p_901719,33.895973,-118.224159,14,238.89231978
p_901719,33.895969,-118.224205,15,243.1702636
p_901719,33.895969,-118.224365,16,257.96982439
p_901719,33.89603,-118.224495,17,271.76738721
p_901719,33.89603,-118.224808,18,300.71900739
p_901719,33.896034,-118.225182,19,335.31580039
p_901719,33.89603,-118.225342,20,350.12199947
p_901719,33.895973,-118.225403,21,358.59604849
p_901719,33.895977,-118.22599,22,412.89374609
p_901719,33.895977,-118.226059,23,419.27605609
p_901719,33.895985,-118.226456,24,456.00818106
p_901719,33.895969,-118.226913,25,498.31666156
p_901719,33.895966,-118.227043,26,510.34590834
p_901719,33.895966,-118.227188,27,523.75801077
p_901719,33.89595,-118.22789,28,588.71534066
p_901719,33.895947,-118.228119,29,609.89983074
p_901719,33.895947,-118.228233,30,620.44452051
p_901719,33.895931,-118.228722,31,665.71049798
p_901719,33.895588,-118.228691,32,703.86413363
p_901719,33.895103,-118.228653,33,757.7752804
p_901719,33.894833,-118.228638,34,787.75593548
p_901719,33.89407,-118.228592,35,872.49515523
p_901719,33.893051,-118.228531,36,985.66386131
p_901719,33.892223,-118.22847,37,1077.67916139
p_901719,33.892048,-118.228455,38,1097.13976568
p_901719,33.892063,-118.228149,39,1125.49407599
p_901719,33.8920844858686,-118.228028953169,40,1136.85144475
p_901719,33.8922247296232,-118.223833353205,41,1525.26183474
p_901719,33.8886133794632,-118.223551769315,42,1926.68024897
p_901719,33.8886016919981,-118.221749632417,43,2093.39232701
p_901719,33.888611,-118.221733,44,2095.24521427
p_901719,33.888611,-118.221519,45,2115.04132668
p_901719,33.887592,-118.221451,46,2228.24408578
p_901719,33.886593,-118.221375,47,2339.2763222
p_901719,33.885612,-118.221306,48,2448.27622275
p_901719,33.884777,-118.221252,49,2541.02930553
p_901719,33.884621,-118.221245,50,2558.34498609
p_901719,33.883636,-118.221169,51,2667.82746104
p_901719,33.883072,-118.22113,52,2730.49045173
p_901719,33.882912,-118.221123,53,2748.24950644
p_901719,33.882637,-118.221107,54,2778.78847319
p_901719,33.881908,-118.221062,55,2859.75643784
p_901719,33.881195,-118.221016,56,2938.95698785
p_901719,33.881199,-118.220734,57,2965.04948282
p_901719,33.88121,-118.220047,58,3028.6177564
p_901719,33.881233,-118.218575,59,3164.82104283
p_901719,33.881241,-118.218086,60,3210.06867864
p_901719,33.88102,-118.218124,61,3234.83285109
p_901719,33.880623,-118.218071,62,3279.14032408
p_901719,33.880249,-118.218025,63,3320.84220042
p_901719,33.879551,-118.217926,64,3398.80437564
p_901719,33.878719,-118.217789,65,3491.95629299
p_901719,33.878506,-118.217751,66,3515.84242807
p_901719,33.878025,-118.217674,67,3569.66852818
p_901719,33.877403,-118.217583,68,3639.17266365
p_901719,33.877117,-118.217545,69,3671.09004656
p_901719,33.876644,-118.217468,70,3724.03672499
p_901719,33.87653,-118.217499,71,3737.0028052
p_901719,33.876438,-118.217537,72,3747.79609399
p_901719,33.87635,-118.217651,73,3762.1668224
p_901719,33.876274,-118.217789,74,3777.46630145
p_901719,33.876209,-118.217857,75,3787.03506979
p_901719,33.876095,-118.217903,76,3800.37694934
p_901719,33.876038,-118.217934,77,3807.31951681
p_901719,33.875965,-118.217964,78,3815.87918573
p_901719,33.875893,-118.217972,79,3823.8996609
p_901719,33.875809,-118.217964,80,3833.24630517
p_901719,33.875729,-118.217934,81,3842.54387367
p_901719,33.874622,-118.21756,82,3970.11487773
p_901719,33.874287,-118.21743,83,4009.17124054
p_901719,33.874142,-118.217407,84,4025.39482161
p_901719,33.874142,-118.217232,85,4041.58596398
p_901719,33.874168,-118.216431,86,4115.75121641
p_901719,33.874195,-118.21553,87,4199.16621017
p_901719,33.874184,-118.214561,88,4288.82713102
p_901719,33.874313,-118.214584,89,4303.29319601
p_901719,33.87466,-118.21463,90,4342.01706275
p_901719,33.875134,-118.214699,91,4394.97935603
p_901719,33.875179,-118.214706,92,4400.01260237
p_901719,33.8755,-118.214752,93,4435.87141714
p_901719,33.87595,-118.214821,94,4486.19205872
p_901719,33.876541,-118.214905,95,4552.20492978
p_901719,33.87672,-118.214935,96,4572.25270013
p_901719,33.877453,-118.21505,97,4654.25037401
p_901719,33.877583,-118.215065,98,4668.73662244
p_901719,33.877876,-118.215118,99,4701.60405509
p_901719,33.878288,-118.215179,100,4747.65031945
p_901719,33.878704,-118.21524,101,4794.13695118
p_901719,33.878738,-118.215248,102,4797.98017787
p_901719,33.879391,-118.215347,103,4870.9878635
p_901719,33.880112,-118.215424,104,4951.27798125
p_901719,33.880802,-118.215485,105,5028.02071512
p_901719,33.881222,-118.2155,106,5074.62787892
p_901719,33.8886011241038,-118.215953323874,107,5894.19623845
p_901719,33.888607,-118.219849,108,6254.56714906
p_901719,33.888607,-118.220024,109,6270.75555949
p_901719,33.888611,-118.220451,110,6310.25777178
p_901719,33.888611,-118.22139,111,6397.12015286
p_901719,33.888611,-118.221519,112,6409.05332343
p_901719,33.888607,-118.222015,113,6454.93804793
p_901719,33.888603,-118.223106,114,6555.86220146
p_901719,33.888596,-118.223564,115,6598.23670201
p_901719,33.888592,-118.223663,116,6607.40545974
p_901719,33.888592,-118.22377,117,6617.30351814
p_901719,33.888588,-118.223869,118,6626.4722763
p_901719,33.888592,-118.224426,119,6677.99959452
p_901719,33.888592,-118.225594,120,6786.04568993
p_901719,33.888584,-118.226028,121,6826.20276207
p_901719,33.889091,-118.226059,122,6882.51246173
p_901719,33.890118,-118.226128,123,6996.6063827
p_901719,33.890175,-118.226128,124,7002.92884569
p_901719,33.891109,-118.226189,125,7106.68206482
p_901719,33.891716,-118.226227,126,7174.10245842
p_901719,33.892155,-118.226257,127,7222.87553979
p_901719,33.892097,-118.226074,128,7240.98458178
p_901719,33.892109,-118.225853,129,7261.4706843
p_901719,33.892132,-118.225296,130,7313.05709131
p_901719,33.892151,-118.224937,131,7346.33189612
p_901719,33.892151,-118.224922,132,7347.71941677
p_901719,33.89217,-118.224586,133,7378.87124574
p_901719,33.892185,-118.224236,134,7411.28944172
p_901719,33.892254,-118.224113,135,7425.00174913
p_901719,33.892258,-118.224022,136,7433.43104894
p_901719,33.892262,-118.223961,137,7439.09104245
p_901719,33.892262,-118.223915,138,7443.34610027
p_901719,33.892265,-118.223808,139,7453.24932678
p_901719,33.892628,-118.223831,140,7493.56961742
p_901719,33.892723,-118.223839,141,7504.1330121
p_901719,33.893867,-118.223923,142,7631.26368564
p_901719,33.894756,-118.223991,143,7730.07239562
p_901719,33.895061,-118.224007,144,7763.93550116
p_901719,33.895416,-118.224007,145,7803.31227695
p_901719,33.895973,-118.22403,146,7865.13161499
p_901719,33.895966,-118.223083,147,7952.72995604
p_901719,33.895966,-118.222694,148,7988.71138947
p_901719,33.895969,-118.222015,149,8051.51790819
p_901719,33.895962,-118.221443,150,8104.43203711
p_901719,33.8959700003685,-118.220408329218,151,8200.14036165
p_901719,33.8984434229792,-118.220751782384,152,8476.32683257
p_901719,33.898452256025,-118.221468335145,153,8542.61131963
p_901719,33.8983168158884,-118.221837253398,154,8579.89496237
p_901719,33.8983050384748,-118.222191982487,155,8612.73152855
p_901719,33.8981460432381,-118.222255833725,156,8631.32998473
p_901719,33.8980724342301,-118.222479313051,157,8653.55477554
p_901719,33.8980312131582,-118.223876945663,158,8782.90964499
p_901719,33.8979782146076,-118.224011742717,159,8796.69408618
p_901720,33.8979478907317,-118.22405528152,1,0
p_901720,33.897379191863,-118.224049571933,2,63.08259564
p_901720,33.89724,-118.223969,3,80.22642064
p_901720,33.897152,-118.223961,4,90.01543506
p_901720,33.896881,-118.223946,5,120.10690069
p_901720,33.896767,-118.22393,6,132.83815069
p_901720,33.89666,-118.223946,7,144.79856144
p_901720,33.896515,-118.223991,8,161.41190868
p_901720,33.896473,-118.223999,9,166.12897239
p_901720,33.896336,-118.224037,10,181.72628457
p_901720,33.896206,-118.224037,11,196.14595136
p_901720,33.895973,-118.22403,12,221.99853967
p_901720,33.895966,-118.223083,13,309.59688072
p_901720,33.895966,-118.222694,14,345.57831415
p_901720,33.895969,-118.222015,15,408.38483287
p_901720,33.895962,-118.221443,16,461.29896179
p_901720,33.895962,-118.221481,17,464.81385777
p_901720,33.895962,-118.221046,18,505.05016695
p_901720,33.8959804093534,-118.220397534765,19,565.06616755
p_901720,33.9034704543013,-118.221526235922,20,1402.39978005
p_901720,33.9034423504228,-118.224048877836,21,1635.73766182
p_901720,33.903374,-118.224579,22,1685.35093796
p_901720,33.90337,-118.224693,23,1695.90404474
p_901720,33.90377,-118.224785,24,1741.08086717
p_901720,33.904327,-118.225006,25,1806.15703096
p_901720,33.904831,-118.22525,26,1866.44410348
p_901720,33.904884,-118.225273,27,1872.69592595
p_901720,33.906658,-118.226196,28,2087.18822583
p_901720,33.90686,-118.226303,29,2111.68226687
p_901720,33.907791,-118.226784,30,2224.12359171
p_901720,33.908421,-118.227127,31,2300.86674661
p_901720,33.909096,-118.227455,32,2381.64995938
p_901720,33.909721,-118.227791,33,2457.6211821
p_901720,33.910297,-118.228104,34,2527.76318582
p_901720,33.910912,-118.228409,35,2601.5811114
p_901720,33.911209,-118.228569,36,2637.69512757
p_901720,33.912495,-118.229225,37,2792.70425586
p_901720,33.913715,-118.229851,38,2939.89077187
p_901720,33.914394,-118.230217,39,3022.46192569
p_901720,33.915897,-118.231003,40,3204.33250935
p_901720,33.91621,-118.231171,41,3242.36827805
p_901720,33.916203,-118.230637,42,3291.75624537
p_901720,33.916206,-118.23037,43,3316.44941996
p_901720,33.916206,-118.230194,44,3332.72509044
p_901720,33.916203,-118.229637,45,3384.23496426
p_901720,33.916203,-118.228592,46,3480.87176111
p_901720,33.916199,-118.228363,47,3502.05327642
p_901720,33.916199,-118.22702,48,3626.24774938
p_901720,33.916195,-118.226463,49,3677.7584637
p_901720,33.916195,-118.22345,50,3956.38688105
p_901720,33.916199,-118.223251,51,3974.79483546
p_901720,33.916199,-118.22316,52,3983.21009759
p_901720,33.91621,-118.223015,53,3996.67442856
p_901720,33.916245,-118.222641,54,4031.4774264
p_901720,33.916245,-118.222633,55,4032.21722927
p_901720,33.916256,-118.222549,56,4040.08039953
p_901720,33.91634,-118.221809,57,4109.14351386
p_901720,33.916409,-118.221169,58,4168.82046992
p_901720,33.91642,-118.221069,59,4178.1481329
p_901720,33.916424,-118.221039,60,4180.95764281
p_901720,33.916523,-118.220161,61,4262.89001304
p_901720,33.916573,-118.219727,62,4303.40556167
p_901720,33.916588,-118.219582,63,4316.91726723
p_901720,33.916698,-118.218582,64,4410.19365239
p_901720,33.916763,-118.21801,65,4463.57836059
p_901720,33.916817,-118.217529,66,4508.46020141
p_901720,33.916447,-118.217476,67,4549.79254559
p_901720,33.916401,-118.217468,68,4554.94825962
p_901720,33.916317,-118.217453,69,4564.36830227
p_901720,33.915855,-118.217377,70,4616.09344251
p_901720,33.915424,-118.217308,71,4664.32428436
p_901720,33.915291,-118.217293,72,4679.14183016
p_901720,33.915016,-118.217247,73,4709.94025844
p_901720,33.914715,-118.217201,74,4743.59734474
p_901720,33.914658,-118.217194,75,4749.95288606
p_901720,33.91386,-118.217072,76,4839.1838461
p_901720,33.913818,-118.217064,77,4843.90089929
p_901720,33.913631,-118.217033,78,4864.84027156
p_901720,33.913219,-118.216965,79,4910.97029307
p_901720,33.912834,-118.216904,80,4954.04579386
p_901720,33.911945,-118.216751,81,5053.66436462
p_901720,33.911839,-118.216728,82,5065.61281911
p_901720,33.911613,-118.21669,83,5090.92604767
p_901720,33.911423,-118.21666,84,5112.18283211
p_901720,33.911049,-118.216599,85,5154.04902112
p_901720,33.910839,-118.216568,86,5177.51814926
p_901720,33.910255,-118.216476,87,5242.85225609
p_901720,33.910027,-118.216438,88,5268.38519903
p_901720,33.90963,-118.216385,89,5312.69269478
p_901720,33.909615,-118.216537,90,5326.8481575
p_901720,33.90963,-118.216385,91,5341.00362022
p_901720,33.90934,-118.216339,92,5373.45073554
p_901720,33.909245,-118.216324,93,5384.07912869
p_901720,33.908566,-118.216217,94,5460.04163253
p_901720,33.908504,-118.216209,95,5466.95840293
p_901720,33.908295,-118.216179,96,5490.30627517
p_901720,33.908226,-118.216164,97,5498.08451512
p_901720,33.9081,-118.216164,98,5512.06052688
p_901720,33.907974,-118.216179,99,5526.1052197
p_901720,33.90786,-118.216202,100,5538.92784822
p_901720,33.907745,-118.216232,101,5551.98198902
p_901720,33.907383,-118.216354,102,5593.69046147
p_901720,33.907204,-118.216423,103,5614.54559279
p_901720,33.907078,-118.216446,104,5628.68255311
p_901720,33.906994,-118.216461,105,5638.10260403
p_901720,33.907135,-118.216583,106,5657.38769273
p_901720,33.906994,-118.216461,107,5676.67278143
p_901720,33.906734,-118.216461,108,5705.51216469
p_901720,33.906532,-118.216454,109,5727.9274973
p_901720,33.905609,-118.216385,110,5830.50599014
p_901720,33.905197,-118.216354,111,5876.29515987
p_901720,33.904758,-118.216347,112,5924.99363801
p_901720,33.904022,-118.216324,113,6006.65895379
p_901720,33.903801,-118.216316,114,6031.18358189
p_901720,33.90379,-118.216316,115,6032.40370903
p_901720,33.903454,-118.216309,116,6069.67866913
p_901720,33.903332,-118.216301,117,6083.23120073
p_901720,33.903046,-118.216278,118,6115.02574672
p_901720,33.902649,-118.216248,119,6159.14856854
p_901720,33.902279,-118.216217,120,6200.28923273
p_901720,33.901035,-118.216118,121,6338.577953
p_901720,33.900753,-118.216095,122,6369.92981689
p_901720,33.900391,-118.216064,123,6410.18531338
p_901720,33.898777,-118.215965,124,6589.44514397
p_901720,33.898327,-118.215935,125,6639.43646351
p_901720,33.898323,-118.215652,126,6665.61622671
p_901720,33.898319,-118.214951,127,6730.45654031
p_901720,33.898319,-118.213837,128,6833.49565583
p_901720,33.898335,-118.212776,129,6931.64858811
p_901720,33.898335,-118.212593,130,6948.57511829
p_901720,33.898342,-118.211693,131,7031.82396621
p_901720,33.898342,-118.210464,132,7145.49994374
p_901720,33.8983359972447,-118.209515379863,133,7233.24480132
p_901720,33.8983478588235,-118.208649995656,134,7313.29906027
p_901720,33.8983336203907,-118.208550746639,135,7322.613932
p_901720,33.8983336203907,-118.208551971935,136,7322.72726544
p_901720,33.898331,-118.208069,137,7367.40055687
p_901720,33.898319,-118.207985,138,7375.28330268
p_901720,33.898315,-118.207558,139,7414.7810401
p_901720,33.898319,-118.206711,140,7493.12532417
p_901720,33.8997,-118.206818,141,7646.6260008
p_901720,33.900249,-118.206848,142,7707.5845854
p_901720,33.900486,-118.206863,143,7733.90934968
p_901720,33.900612,-118.206879,144,7747.96347566
p_901720,33.900917,-118.206894,145,7781.82269299
p_901720,33.901333,-118.206917,146,7828.01467431
p_901720,33.901932,-118.206955,147,7894.54901555
p_901720,33.902081,-118.206963,148,7911.09274257
p_901720,33.903103,-118.207039,149,8024.67134886
p_901720,33.903156,-118.207039,150,8030.55014265
p_901720,33.903404,-118.207062,151,8058.14059058
p_901720,33.903522,-118.207077,152,8071.30254696
p_901720,33.903774,-118.2071,153,8099.33537857
p_901720,33.903931,-118.207115,154,8116.80509424
p_901720,33.904202,-118.207138,155,8146.93976717
p_901720,33.904346,-118.207146,156,8162.9294703
p_901720,33.904774,-118.207176,157,8210.48452752
p_901720,33.905258,-118.207207,158,8264.24663795
p_901720,33.906109,-118.20726,159,8358.76732773
p_901720,33.906456,-118.207291,160,8397.36344453
p_901720,33.906994,-118.207329,161,8457.14218104
p_901720,33.907043,-118.207329,162,8462.57729571
p_901720,33.907238,-118.207336,163,8484.21652061
p_901720,33.907303,-118.207336,164,8491.4263669
p_901720,33.907402,-118.207329,165,8502.42658461
p_901720,33.907623,-118.207298,166,8527.10715336
p_901720,33.907661,-118.207291,167,8531.37156835
p_901720,33.908154,-118.207146,168,8587.67578752
p_901720,33.908421,-118.207069,169,8618.13576277
p_901720,33.908485,-118.207047,170,8625.52051301
p_901720,33.90868,-118.206985,171,8647.89719149
p_901720,33.909046,-118.206879,172,8689.66104037
p_901720,33.909309,-118.206802,173,8719.68979424
p_901720,33.909515,-118.206741,174,8743.22558735
p_901720,33.909824,-118.20665,175,8778.51821704
p_901720,33.910324,-118.206505,176,8835.57677596
p_901720,33.910473,-118.206459,177,8852.64270724
p_901720,33.910713,-118.20639,178,8880.01782075
p_901720,33.910763,-118.206375,179,8885.73471885
p_901720,33.911079,-118.206284,180,8921.78184878
p_901720,33.911594,-118.208199,181,9107.86717652
p_901720,33.911644,-118.208382,182,9125.67664351
p_901720,33.911621,-118.20887,183,9170.87909998
p_901720,33.911594,-118.208946,184,9178.51906845
p_901720,33.911572,-118.209053,185,9188.71092009
p_901720,33.911144,-118.209038,186,9236.20527951
p_901720,33.91029,-118.208969,187,9331.14631174
p_901720,33.910198,-118.2089,188,9343.18194336
p_901720,33.909847,-118.208878,189,9382.16825765
p_901720,33.909706,-118.20887,190,9397.82557457
p_901720,33.909367,-118.208847,191,9435.48782533
p_901720,33.909084,-118.208832,192,9466.90903516
p_901720,33.908596,-118.208794,193,9521.1523224
p_901720,33.908558,-118.208794,194,9525.36731036
p_901720,33.907898,-118.208748,195,9598.69850012
p_901720,33.907742,-118.20874,196,9616.0179435
p_901720,33.907715,-118.20874,197,9619.01280295
p_901720,33.907539,-118.208725,198,9638.58407825
p_901720,33.90741,-118.208717,199,9652.91196667
p_901720,33.907318,-118.20871,200,9663.13718734
p_901720,33.907146,-118.208702,201,9682.22989104
p_901720,33.907028,-118.208694,202,9695.33943024
p_901720,33.906986,-118.208687,203,9700.04286801
p_901720,33.906631,-118.208656,204,9739.5239558
p_901720,33.906448,-118.208641,205,9759.86979515
p_901720,33.906265,-118.208633,206,9780.18176261
p_901720,33.906193,-118.208626,207,9788.19425022
p_901720,33.906071,-118.208626,208,9801.7265746
p_901720,33.905834,-118.208611,209,9828.05135795
p_901720,33.905617,-118.208595,210,9852.16659151
p_901720,33.904865,-118.208542,211,9935.72284611
p_901720,33.904743,-118.208534,212,9949.27538014
p_901720,33.90464,-118.208527,213,9960.71853765
p_901720,33.90443,-118.208519,214,9984.02362527
p_901720,33.904339,-118.208511,215,9994.14448769
p_901720,33.90414,-118.208496,216,10016.26125299
p_901720,33.904083,-118.208496,217,10022.58373034
p_901720,33.903988,-118.208488,218,10033.14713757
p_901720,33.90377,-118.208473,219,10057.36760478
p_901720,33.903511,-118.208458,220,10086.12953088
p_901720,33.903507,-118.208908,221,10127.75199684
p_901720,33.903507,-118.209053,222,10141.16291863
p_901720,33.903503,-118.209419,223,10175.01684333
p_901720,33.9035,-118.209938,224,10223.01985089
p_901720,33.903496,-118.210678,225,10291.46324186
p_901720,33.903492,-118.21093,226,10314.77472522
p_901720,33.903488,-118.211624,227,10378.96371773
p_901720,33.903481,-118.212646,228,10473.49080781
p_901720,33.903477,-118.213028,229,10508.82444735
p_901720,33.903473,-118.213463,230,10549.05967412
p_901720,33.903473,-118.213676,231,10568.7598636
p_901720,33.903469,-118.214203,232,10617.50366742
p_901720,33.903465,-118.214531,233,10647.84335591
p_901720,33.903465,-118.214775,234,10670.41071123
p_901720,33.903461,-118.215393,235,10727.57073614
p_901720,33.903454,-118.215721,236,10757.91711836
p_901720,33.903454,-118.215897,237,10774.19521281
p_901720,33.903553,-118.215897,238,10785.17635659
p_901720,33.903751,-118.215912,239,10807.18241928
p_901720,33.903751,-118.216103,240,10824.84779007
p_901720,33.903732,-118.216133,241,10828.33208263
p_901720,33.903694,-118.216141,242,10832.61151763
p_901720,33.903568,-118.216141,243,10846.5875191
p_901720,33.903553,-118.216118,244,10849.28815757
p_901720,33.903549,-118.216064,245,10854.30223598
p_901720,33.903549,-118.216034,246,10857.0769081
p_901720,33.903553,-118.215897,247,10869.75567598
p_901720,33.903454,-118.215897,248,10880.73681976
p_901720,33.903454,-118.216309,249,10918.84235904
p_901720,33.90379,-118.216316,250,10956.11731914
p_901720,33.903801,-118.216316,251,10957.33744628
p_901720,33.904022,-118.216324,252,10981.86207438
p_901720,33.904758,-118.216347,253,11063.52739016
p_901720,33.905197,-118.216354,254,11112.2258683
p_901720,33.905609,-118.216385,255,11158.01503803
p_901720,33.906532,-118.216454,256,11260.59353087
p_901720,33.906734,-118.216461,257,11283.00886348
p_901720,33.906994,-118.216461,258,11311.84824674
p_901720,33.907078,-118.216446,259,11321.26829766
p_901720,33.907204,-118.216423,260,11335.40525798
p_901720,33.907242,-118.216408,261,11339.84267298
p_901720,33.907383,-118.216354,262,11356.26052677
p_901720,33.907745,-118.216232,263,11397.96899922
p_901720,33.90786,-118.216202,264,11411.02314002
p_901720,33.907974,-118.216179,265,11423.84576854
p_901720,33.9081,-118.216164,266,11437.89046136
p_901720,33.908226,-118.216164,267,11451.86647312
p_901720,33.908295,-118.216179,268,11459.64471307
p_901720,33.908504,-118.216209,269,11482.99258531
p_901720,33.908566,-118.216217,270,11489.90935571
p_901720,33.909245,-118.216324,271,11565.87185955
p_901720,33.90934,-118.216339,272,11576.5002527
p_901720,33.909492,-118.216362,273,11593.49385797
p_901720,33.90963,-118.216385,274,11608.9480082
p_901720,33.910027,-118.216438,275,11653.25550395
p_901720,33.910255,-118.216476,276,11678.78844689
p_901720,33.910839,-118.216568,277,11744.12255372
p_901720,33.911049,-118.216599,278,11767.59168186
p_901720,33.911274,-118.216637,279,11792.79506944
p_901720,33.911423,-118.21666,280,11809.45858065
p_901720,33.911839,-118.216728,281,11856.02818722
p_901720,33.911945,-118.216751,282,11867.97664171
p_901720,33.912834,-118.216904,283,11967.59521247
p_901720,33.913219,-118.216965,284,12010.67071326
p_901720,33.913631,-118.217033,285,12056.80073477
p_901720,33.913818,-118.217064,286,12077.74010704
p_901720,33.91386,-118.217072,287,12082.45716023
p_901720,33.914658,-118.217194,288,12171.68812027
p_901720,33.915016,-118.217247,289,12211.69911744
p_901720,33.915234,-118.217285,290,12236.1338765
p_901720,33.915291,-118.217293,291,12242.49950181
p_901720,33.915424,-118.217308,292,12257.31704761
p_901720,33.915855,-118.217377,293,12305.54788946
p_901720,33.916317,-118.217453,294,12357.2730297
p_901720,33.916401,-118.217468,295,12366.69307235
p_901720,33.916447,-118.217476,296,12371.84878638
p_901720,33.916817,-118.217529,297,12413.18113056
p_901720,33.916729,-118.2183,298,12485.14425608
p_901720,33.916698,-118.218582,299,12511.44788531
p_901720,33.916588,-118.219582,300,12604.72427047
p_901720,33.916523,-118.220161,301,12658.750551
p_901720,33.916424,-118.221039,302,12740.68292123
p_901720,33.91642,-118.221069,303,12743.49243114
p_901720,33.916409,-118.221169,304,12752.82009412
p_901720,33.91634,-118.221809,305,12812.49705018
p_901720,33.916256,-118.222549,306,12881.56016451
p_901720,33.916245,-118.222641,307,12890.15494358
p_901720,33.91621,-118.223015,308,12924.95794142
p_901720,33.916199,-118.22316,309,12938.42227239
p_901720,33.916199,-118.223251,310,12946.83753452
p_901720,33.916195,-118.22345,311,12965.24548893
p_901720,33.916195,-118.226463,312,13243.87390628
p_901720,33.916199,-118.22702,313,13295.3846206
p_901720,33.915947,-118.226936,314,13324.39597372
p_901720,33.915298,-118.226723,315,13399.02979758
p_901720,33.914387,-118.22644,316,13503.41273546
p_901720,33.914104,-118.226372,317,13535.42702072
p_901720,33.913956,-118.226372,318,13551.84330417
p_901720,33.913891,-118.226364,319,13559.0910165
p_901720,33.913586,-118.226273,320,13593.95284819
p_901720,33.913479,-118.226242,321,13606.16270734
p_901720,33.912601,-118.225975,322,13706.63261628
p_901720,33.911507,-118.225609,323,13832.61214958
p_901720,33.911373,-118.225571,324,13847.88533714
p_901720,33.910927,-118.225433,325,13898.97569711
p_901720,33.910877,-118.225418,326,13904.69259471
p_901720,33.910248,-118.225227,327,13976.66308947
p_901720,33.91021,-118.22522,328,13980.92750324
p_901720,33.909756,-118.225075,329,14033.04042258
p_901720,33.909615,-118.225044,330,14048.94085057
p_901720,33.909409,-118.224998,331,14072.18317997
p_901720,33.909252,-118.224991,332,14089.60976652
p_901720,33.909107,-118.224991,333,14105.69327478
p_901720,33.908989,-118.224998,334,14118.79792301
p_901720,33.908371,-118.225098,335,14187.9680004
p_901720,33.908012,-118.225159,336,14228.18618496
p_901720,33.907959,-118.225159,337,14234.06498339
p_901720,33.907127,-118.225082,338,14326.62537366
p_901720,33.905575,-118.224922,339,14499.40912413
p_901720,33.905415,-118.224907,340,14517.21057307
p_901720,33.905361,-118.224907,341,14523.2002897
p_901720,33.905148,-118.224892,342,14546.8670895
p_901720,33.90377,-118.224785,343,14700.03579278
p_901720,33.90337,-118.224693,344,14745.21261521
p_901720,33.903255,-118.224663,345,14758.26677782
p_901720,33.902672,-118.224495,346,14824.77409918
p_901720,33.902328,-118.22438,347,14864.38553493
p_901720,33.902008,-118.224304,348,14900.56947245
p_901720,33.901577,-118.224258,349,14948.56520269
p_901720,33.90134,-118.224236,350,14974.93202016
p_901720,33.900661,-118.224213,351,15050.27714445
p_901720,33.900665,-118.223953,352,15074.32920561
p_901720,33.900677,-118.222351,353,15222.50765333
p_901720,33.900368,-118.222328,354,15256.84807097
p_901720,33.899994,-118.222298,355,15298.42506504
p_901720,33.899788,-118.222275,356,15321.37352009
p_901720,33.899353,-118.222237,357,15369.75181398
p_901720,33.899071,-118.222221,358,15401.06640277
p_901720,33.8983,-118.222198,359,15486.61260837
p_901720,33.898212,-118.222221,360,15496.60275503
p_901720,33.8981404837583,-118.222297877724,361,15507.25591794
p_901720,33.8980790533046,-118.222432441104,362,15521.44545293
p_901720,33.8980622995366,-118.222822674907,363,15557.58792966
p_901720,33.8980399611739,-118.223858812935,364,15653.45754868
p_901720,33.8979785306477,-118.224040473498,365,15671.58929354
p_901729,33.8979478907317,-118.22405528152,1,0
p_901729,33.897379191863,-118.224049571933,2,63.08259564
p_901729,33.89724,-118.223969,3,80.22642064
p_901729,33.897152,-118.223961,4,90.01543506
p_901729,33.896881,-118.223946,5,120.10690069
p_901729,33.896767,-118.22393,6,132.83815069
p_901729,33.89666,-118.223946,7,144.79856144
p_901729,33.896515,-118.223991,8,161.41190868
p_901729,33.896473,-118.223999,9,166.12897239
p_901729,33.896336,-118.224037,10,181.72628457
p_901729,33.896206,-118.224037,11,196.14595136
p_901729,33.895973,-118.22403,12,221.99853967
p_901729,33.895966,-118.223083,13,309.59688072
p_901729,33.895966,-118.222694,14,345.57831415
p_901729,33.895969,-118.222015,15,408.38483287
p_901729,33.895962,-118.221443,16,461.29896179
p_901729,33.895962,-118.221046,17,498.020375
p_901729,33.895958,-118.220398,18,557.96024461
p_901729,33.895962,-118.22007,19,588.30259147
p_901729,33.895966,-118.219994,20,595.34637073
p_901729,33.895966,-118.219879,21,605.98355542
p_901729,33.895973,-118.219688,22,623.66758469
p_901729,33.895988,-118.219376,23,652.57464608
p_901729,33.895878,-118.219376,24,664.77590193
p_901729,33.895988,-118.219376,25,676.97715778
p_901729,33.895992,-118.21904,26,708.05939464
p_901729,33.895992,-118.218063,27,798.42918845
p_901729,33.895996,-118.217529,28,847.82470084
p_901729,33.895996,-118.216934,29,902.86055018
p_901729,33.896008,-118.216057,30,983.9915309
p_901729,33.896011,-118.215782,31,1009.43044047
p_901729,33.896011,-118.21479,32,1101.18767238
p_901729,33.896008,-118.214447,33,1132.91596085
p_901729,33.896004,-118.214203,34,1155.48964198
p_901729,33.896004,-118.213684,35,1203.49569767
p_901729,33.896011,-118.213249,36,1243.73947634
p_901729,33.896019,-118.212646,37,1299.52234942
p_901729,33.896019,-118.212357,38,1326.25404049
p_901729,33.896019,-118.211906,39,1367.97027812
p_901729,33.896023,-118.21154,40,1401.82716015
p_901729,33.896023,-118.2108,41,1470.27508566
p_901729,33.896027,-118.210434,42,1504.13196611
p_901729,33.896027,-118.209793,43,1563.42266638
p_901729,33.89603,-118.209724,44,1569.81364143
p_901729,33.896027,-118.209358,45,1603.66924859
p_901729,33.896027,-118.208481,46,1684.78928624
p_901729,33.896015,-118.208015,47,1727.91352739
p_901729,33.895626,-118.207993,48,1771.10956329
p_901729,33.895184,-118.20797,49,1820.18256063
p_901729,33.894619,-118.207932,50,1882.95112974
p_901729,33.894176,-118.207901,51,1932.17249777
p_901729,33.893433,-118.207848,52,2014.73209226
p_901729,33.893139,-118.207832,53,2047.37627448
p_901729,33.892876,-118.207809,54,2076.62583057
p_901729,33.892361,-118.207771,55,2133.85790497
p_901729,33.891827,-118.207741,56,2193.15438996
p_901729,33.891811,-118.207741,57,2194.9291169
p_901729,33.8913,-118.20771,58,2251.68194727
p_901729,33.890911,-118.207649,59,2295.19738361
p_901729,33.890587,-118.207603,60,2331.38662782
p_901729,33.890118,-118.20752,61,2383.97182041
p_901729,33.889862,-118.207466,62,2412.80345937
p_901729,33.889332,-118.207321,63,2473.10203038
p_901729,33.889004,-118.20723,64,2510.44507545
p_901729,33.88884,-118.207184,65,2529.12708066
p_901729,33.88868,-118.207054,66,2550.56493576
p_901729,33.888412,-118.206978,67,2581.11163551
p_901729,33.888172,-118.206902,68,2608.64522485
p_901729,33.888123,-118.206886,69,2614.27824892
p_901729,33.887806,-118.206795,70,2650.43364106
p_901729,33.887329,-118.20665,71,2705.0164508
p_901729,33.887192,-118.206612,72,2720.6138255
p_901729,33.88673,-118.206474,73,2773.42519093
p_901729,33.886406,-118.206367,74,2810.70158657
p_901729,33.886276,-118.206329,75,2825.54353346
p_901729,33.88562,-118.206139,76,2900.40003392
p_901729,33.884983,-118.205956,77,2973.0560662
p_901729,33.883762,-118.205582,78,3112.83929147
p_901729,33.88311,-118.205383,79,3187.46570066
p_901729,33.88306,-118.205368,80,3193.18268326
p_901729,33.882961,-118.205414,81,3204.95953096
p_901729,33.882812,-118.205368,82,3222.0257313
p_901729,33.882195,-118.205185,83,3292.52641427
p_901729,33.881695,-118.205032,84,3349.76427497
p_901729,33.881348,-118.204933,85,3389.32829047
p_901729,33.880775,-118.20475,86,3455.10178805
p_901729,33.880119,-118.204559,87,3529.98026804
p_901729,33.880116,-118.204559,88,3530.31302871
p_901729,33.879692,-118.20443,89,3578.83381435
p_901729,33.879276,-118.2043,90,3626.51826037
p_901729,33.878696,-118.204124,91,3692.88056064
p_901729,33.878113,-118.203949,92,3759.54299076
p_901729,33.877777,-118.203842,93,3798.10447153
p_901729,33.877693,-118.203766,94,3809.77713133
p_901729,33.877308,-118.203651,95,3853.78682264
p_901729,33.876831,-118.203514,96,3908.19277241
p_901729,33.876762,-118.203552,97,3916.61512056
p_901729,33.876614,-118.203506,98,3933.57398808
p_901729,33.875359,-118.203148,99,4076.66494501
p_901729,33.875214,-118.203102,100,4093.30192422
p_901729,33.8743415396546,-118.202874194425,101,4192.34391685
p_901729,33.8742867254766,-118.214222136381,102,5242.28023466
p_901729,33.8743247597868,-118.214289365551,103,5249.79605041
p_901729,33.874287,-118.21743,104,5540.39973289
p_901729,33.874256,-118.218826,105,5669.60435636
p_901729,33.874252,-118.218971,106,5683.02719154
p_901729,33.874256,-118.219139,107,5698.57699894
p_901729,33.874271,-118.219421,108,5724.72082754
p_901729,33.874268,-118.219498,109,5731.85268683
p_901729,33.874306,-118.219734,110,5754.09066549
p_901729,33.874321,-118.219894,111,5768.98717326
p_901729,33.874432,-118.220802,112,5853.89326893
p_901729,33.874462,-118.221054,113,5877.44469624
p_901729,33.874542,-118.22171,114,5938.78334323
p_901729,33.874603,-118.22226,115,5990.11739638
p_901729,33.874645,-118.222588,116,6020.81955462
p_901729,33.874664,-118.2229,117,6049.76270556
p_901729,33.87466,-118.223366,118,6092.87942604
p_901729,33.874638,-118.223701,119,6123.96962951
p_901729,33.874599,-118.224045,120,6156.08925163
p_901729,33.87458,-118.224335,121,6183.0027883
p_901729,33.874569,-118.224785,122,6224.65481885
p_901729,33.874863,-118.224823,123,6257.45430703
p_901729,33.875492,-118.224823,124,6327.22307096
p_901729,33.876141,-118.224831,125,6399.21404995
p_901729,33.876511,-118.224838,126,6440.25961654
p_901729,33.876522,-118.225075,127,6462.2203628
p_901729,33.876495,-118.22596,128,6544.15377518
p_901729,33.87648,-118.226456,129,6590.07299573
p_901729,33.876469,-118.226799,130,6621.83021885
p_901729,33.876465,-118.226913,131,6632.38663354
p_901729,33.876461,-118.227081,132,6647.93604065
p_901729,33.876453,-118.227333,133,6671.26753667
p_901729,33.876438,-118.227791,134,6713.6735831
p_901729,33.876427,-118.228241,135,6755.32471184
p_901729,33.876415,-118.228645,136,6792.72581927
p_901729,33.876404,-118.228981,137,6823.83592597
p_901729,33.876396,-118.229271,138,6850.68092518
p_901729,33.87635,-118.230827,139,6994.7299577
p_901729,33.876339,-118.23114,140,7023.71392123
p_901729,33.876308,-118.232193,141,7121.19652195
p_901729,33.876286,-118.233017,142,7197.47080156
p_901729,33.876274,-118.233337,143,7227.10662946
p_901729,33.876255,-118.234032,144,7291.44153084
p_901729,33.876225,-118.235062,145,7386.79371814
p_901729,33.876217,-118.235214,146,7400.88450915
p_901729,33.876209,-118.235535,147,7430.59622674
p_901729,33.876205,-118.235664,148,7442.53936832
p_901729,33.87619,-118.236168,149,7489.19841445
p_901729,33.876186,-118.236305,150,7501.88122642
p_901729,33.876167,-118.236969,151,7563.34972766
p_901729,33.876167,-118.237076,152,7573.2492209
p_901729,33.876148,-118.237625,153,7624.0856564
p_901729,33.876141,-118.237801,154,7640.38744042
p_901729,33.876118,-118.238434,155,7699.00729807
p_901729,33.87611,-118.238655,156,7719.47317379
p_901729,33.876091,-118.239426,157,7790.83621738
p_901729,33.876072,-118.240089,158,7852.2123224
p_901729,33.876068,-118.240227,159,7864.98761432
p_901729,33.87606,-118.240524,160,7892.48000422
p_901729,33.876034,-118.241341,161,7968.12282504
p_901729,33.87603,-118.241516,162,7984.31968852
p_901729,33.876022,-118.241821,163,8012.55186531
p_901729,33.876019,-118.241943,164,8023.84406126
p_901729,33.876007,-118.242287,165,8055.69834777
p_901729,33.876007,-118.242447,166,8070.50135594
p_901729,33.876003,-118.242584,167,8083.18419495
p_901729,33.875984,-118.242912,168,8113.60345876
p_901729,33.875954,-118.243126,169,8133.68017731
p_901729,33.875916,-118.243332,170,8153.19958268
p_901729,33.875874,-118.243546,171,8173.5393304
p_901729,33.875828,-118.24379,172,8196.68339209
p_901729,33.875763,-118.244148,173,8230.58082289
p_901729,33.875729,-118.244339,174,8248.64991109
p_901729,33.875702,-118.244576,175,8270.78051778
p_901729,33.875702,-118.244614,176,8274.29624473
p_901729,33.87569,-118.244972,177,8307.44482964
p_901729,33.875683,-118.245171,178,8325.87250463
p_901729,33.875664,-118.245888,179,8392.24221166
p_901729,33.875648,-118.246384,180,8438.16602968
p_901729,33.875637,-118.246902,181,8486.10650142
p_901729,33.875626,-118.247261,182,8519.34329934
p_901729,33.875626,-118.247292,183,8522.21139492
p_901729,33.875614,-118.247559,184,8546.94986031
p_901729,33.875595,-118.248047,185,8592.14840697
p_901729,33.875591,-118.248215,186,8607.69797173
p_901729,33.875584,-118.248665,187,8649.33887536
p_901729,33.875526,-118.248795,188,8662.97885936
p_901729,33.87508,-118.248787,189,8712.45477654
p_901729,33.875076,-118.248878,190,8720.8857611
p_901729,33.87508,-118.248787,191,8729.31674566
p_901729,33.874897,-118.248779,192,8749.62861953
p_901729,33.87413,-118.248779,193,8834.70435269
p_901729,33.873993,-118.248695,194,8851.77246006
p_901729,33.873764,-118.248695,195,8877.17316525
p_901729,33.873077,-118.248688,196,8953.37802734
p_901729,33.872803,-118.248688,197,8983.77013285
p_901729,33.872707,-118.248772,198,8996.95303574
p_901729,33.871868,-118.248772,199,9090.01498397
p_901729,33.871674,-118.248764,200,9111.54620455
p_901729,33.870762,-118.248764,201,9212.70530114
p_901729,33.87059,-118.248764,202,9231.78355013
p_901729,33.870338,-118.248772,203,9259.74520129
p_901729,33.870049,-118.248772,204,9291.80109388
p_901729,33.869591,-118.248764,205,9342.60786305
p_901729,33.868839,-118.248764,206,9426.01972255
p_901729,33.868122,-118.248756,207,9505.55281632
p_901729,33.867901,-118.248756,208,9530.06613726
p_901729,33.867638,-118.248749,209,9559.24528659
p_901729,33.867535,-118.248749,210,9570.67004624
p_901729,33.867531,-118.248886,211,9583.35413677
p_901729,33.867527,-118.249146,212,9607.41549436
p_901729,33.86747,-118.25119,213,9796.64833708
p_901729,33.867443,-118.252151,214,9885.61819014
p_901729,33.867439,-118.252281,215,9897.65501564
p_901729,33.867359,-118.255203,216,10168.16767007
p_901729,33.867355,-118.255325,217,10179.46481825
p_901729,33.867344,-118.255806,218,10223.98757611
p_901729,33.86731,-118.256821,219,10317.97935401
p_901729,33.867283,-118.257385,220,10370.2511216
p_901729,33.867237,-118.25753,221,10384.60516898
p_901729,33.866962,-118.257507,222,10415.18231472
p_901729,33.866852,-118.2575,223,10427.40069248
p_901729,33.866917,-118.255463,224,10616.01938472
p_901729,33.866928,-118.255096,225,10649.9992945
p_901729,33.866974,-118.25351,226,10796.83828356
p_901729,33.866978,-118.253487,227,10799.01219758
p_901729,33.867031,-118.252869,228,10856.49621323
p_901729,33.86705,-118.252205,229,10917.97125578
p_901729,33.86713,-118.252205,230,10926.84485479
p_901729,33.867336,-118.252213,231,10949.7063597
p_901729,33.867371,-118.250465,232,11111.49212986
p_901729,33.86739,-118.24958,233,11193.40662098
p_901729,33.867393,-118.249336,234,11215.98592875
p_901729,33.867401,-118.248871,235,11259.02064052
p_901729,33.867405,-118.248749,236,11270.31778265
p_901729,33.867496,-118.248596,237,11287.70449739
p_901729,33.868847,-118.248596,238,11437.55742701
p_901729,33.869461,-118.248604,239,11505.66634469
p_901729,33.870052,-118.248604,240,11571.22008579
p_901729,33.870998,-118.248596,241,11676.15306338
p_901729,33.872692,-118.248596,242,11864.05166763
p_901729,33.872803,-118.248688,243,11879.01975351
p_901729,33.87307,-118.248688,244,11908.63541835
p_901729,33.873764,-118.248695,245,11985.61669335
p_901729,33.873993,-118.248695,246,12011.01739854
p_901729,33.874111,-118.248627,247,12025.53954515
p_901729,33.874516,-118.248627,248,12070.46219288
p_901729,33.874611,-118.248634,249,12081.01948821
p_901729,33.875477,-118.248665,250,12177.11913097
p_901729,33.875832,-118.248665,251,12216.49578139
p_901729,33.877216,-118.248672,252,12370.01064573
p_901729,33.877632,-118.248672,253,12416.15343809
p_901729,33.878201,-118.24868,254,12479.27136174
p_901729,33.878952,-118.24868,255,12562.57242797
p_901729,33.879818,-118.248688,256,12658.6321805
p_901729,33.880253,-118.248688,257,12706.88247665
p_901729,33.880405,-118.248688,258,12723.74235105
p_901729,33.881409,-118.248665,259,12835.12659473
p_901729,33.881912,-118.248711,260,12891.08154192
p_901729,33.882568,-118.248711,261,12963.84523299
p_901729,33.882771,-118.248726,262,12986.40476701
p_901729,33.882915,-118.248741,263,13002.43745233
p_901729,33.883018,-118.248749,264,13013.88618673
p_901729,33.88319,-118.248779,265,13033.16528255
p_901729,33.883301,-118.248802,266,13045.65993713
p_901729,33.883499,-118.248848,267,13068.03063635
p_901729,33.884769,-118.249168,268,13211.97632636
p_901729,33.886288,-118.249527,269,13383.70616094
p_901729,33.886654,-118.249611,270,13425.04000171
p_901729,33.887138,-118.249725,271,13479.75143724
p_901729,33.88736,-118.249771,272,13504.74072834
p_901729,33.887756,-118.24987,273,13549.60975539
p_901729,33.887814,-118.249886,274,13556.21120058
p_901729,33.887894,-118.249901,275,13565.19266469
p_901729,33.887913,-118.249779,276,13576.67348098
p_901729,33.888062,-118.249817,277,13593.57031387
p_901729,33.888157,-118.24984,278,13604.32039995
p_901729,33.888126,-118.249954,279,13615.41248
p_901729,33.888374,-118.250008,280,13643.37060838
p_901729,33.889206,-118.250206,281,13737.45639979
p_901729,33.889454,-118.250259,282,13765.39814228
p_901729,33.890884,-118.25058,283,13926.76977334
p_901729,33.891228,-118.250664,284,13965.70952456
p_901729,33.892151,-118.250885,285,14070.11013107
p_901729,33.892555,-118.250984,286,14115.84813078
p_901729,33.892574,-118.250984,287,14117.95561927
p_901729,33.892849,-118.251053,288,14149.11934077
p_901729,33.893551,-118.251213,289,14228.37954713
p_901729,33.894039,-118.251343,290,14283.82833861
p_901729,33.894283,-118.251396,291,14311.33336461
p_901729,33.894981,-118.251564,292,14390.29999047
p_901729,33.895309,-118.25164,293,14427.3548573
p_901729,33.895821,-118.251755,294,14485.13376453
p_901729,33.896202,-118.251846,295,14528.22457534
p_901729,33.896938,-118.252022,296,14611.46939923
p_901729,33.897724,-118.252213,297,14700.42490247
p_901729,33.898281,-118.252342,298,14763.34927574
p_901729,33.898495,-118.252396,299,14787.60607304
p_901729,33.898624,-118.252426,300,14802.18139721
p_901729,33.900021,-118.252747,301,14959.95622376
p_901729,33.901291,-118.253059,302,15103.75079005
p_901729,33.901714,-118.253166,303,15151.70257577
p_901729,33.901737,-118.253166,304,15154.25374985
p_901729,33.902061,-118.25325,305,15191.0222266
p_901729,33.90226,-118.253304,306,15213.65342731
p_901729,33.902306,-118.253319,307,15218.94102787
p_901729,33.902554,-118.253395,308,15247.33324345
p_901729,33.902653,-118.253426,309,15258.68252881
p_901729,33.902809,-118.253487,310,15276.88269634
p_901729,33.902927,-118.25354,311,15290.85916107
p_901729,33.903301,-118.253677,312,15334.23547495
p_901729,33.903816,-118.253876,313,15394.25149285
p_901729,33.903896,-118.253967,314,15406.48173227
p_901729,33.903912,-118.253975,315,15408.40452559
p_901729,33.90398,-118.253998,316,15416.24136329
p_901729,33.904564,-118.254189,317,15483.38454854
p_901729,33.904953,-118.254333,318,15528.54135755
p_901729,33.905083,-118.254379,319,15543.5755688
p_901729,33.905201,-118.254417,320,15557.12785017
p_901729,33.905437,-118.254486,321,15584.07177292
p_901729,33.905766,-118.254524,322,15620.73352118
p_901729,33.906025,-118.254547,323,15649.54062516
p_901729,33.906242,-118.254547,324,15673.61041526
p_901729,33.906536,-118.254539,325,15706.22949237
p_901729,33.906898,-118.254532,326,15746.38800531
p_901729,33.907307,-118.254524,327,15791.76060831
p_901729,33.90752,-118.254524,328,15815.38672056
p_901729,33.9085429744955,-118.254507483424,329,15928.8660755
p_901729,33.9085297924302,-118.254504836198,330,15930.348595
p_901729,33.908665,-118.254509,331,15945.35086122
p_901729,33.908894,-118.254501,332,15970.76248357
p_901729,33.909363,-118.254501,333,16022.78431331
p_901729,33.909641,-118.254494,334,16053.62707736
p_901729,33.910515,-118.254478,335,16150.58311619
p_901729,33.910721,-118.254471,336,16173.44196405
p_901729,33.911003,-118.254471,337,16204.72162316
p_901729,33.911449,-118.254463,338,16254.1978246
p_901729,33.912178,-118.254463,339,16335.05908353
p_901729,33.912384,-118.254456,340,16357.91793721
p_901729,33.912907,-118.254448,341,16415.93423783
p_901729,33.913189,-118.254448,342,16447.21390806
p_901729,33.915127,-118.254417,343,16662.19760435
p_901729,33.915871,-118.25441,344,16744.72526349
p_901729,33.916103,-118.254402,345,16770.46953717
p_901729,33.91637,-118.254395,346,16800.09248413
p_901729,33.916351,-118.253693,347,16865.04429814
p_901729,33.91634,-118.252998,348,16929.32617736
p_901729,33.916328,-118.252213,349,17001.93146007
p_901729,33.916313,-118.251129,350,17102.18846692
p_901729,33.916294,-118.249878,351,17217.89425598
p_901729,33.91629,-118.249794,352,17225.67484251
p_901729,33.91629,-118.249527,353,17250.3657502
p_901729,33.916283,-118.249283,354,17272.94308183
p_901729,33.916279,-118.248955,355,17303.27823145
p_901729,33.916264,-118.248222,356,17371.08306474
p_901729,33.916252,-118.247581,357,17430.37470282
p_901729,33.916241,-118.246841,358,17498.81734329
p_901729,33.916229,-118.246201,359,17558.01654526
p_901729,33.916229,-118.245735,360,17601.11007029
p_901729,33.916229,-118.245712,361,17603.23700393
p_901729,33.916222,-118.243546,362,17803.54018057
p_901729,33.916222,-118.243408,363,17816.30178345
p_901729,33.916222,-118.243134,364,17841.64003844
p_901729,33.916218,-118.24276,365,17876.22867833
p_901729,33.916222,-118.240738,366,18063.21443385
p_901729,33.916222,-118.240128,367,18119.62441758
p_901729,33.916218,-118.239639,368,18164.84705757
p_901729,33.916222,-118.239151,369,18209.97722663
p_901729,33.916176,-118.239021,370,18223.03700564
p_901729,33.91626,-118.239021,371,18232.35435902
p_901729,33.916637,-118.239029,372,18274.17807345
p_901729,33.918015,-118.239029,373,18427.02706482
p_901729,33.918186,-118.239037,374,18446.00896145
p_901729,33.918571,-118.239037,375,18488.71351279
p_901729,33.918728,-118.239029,376,18506.14380295
p_901729,33.91914,-118.239029,377,18551.84322306
p_901729,33.919418,-118.239021,378,18582.68811387
p_901729,33.919472,-118.239029,379,18588.7233551
p_901729,33.919846,-118.239037,380,18630.21438055
p_901729,33.920235,-118.239029,381,18673.36896836
p_901729,33.920433,-118.239037,382,18695.34377146
p_901729,33.920856,-118.239029,383,18742.26916622
p_901729,33.920975,-118.239021,384,18755.48947376
p_901729,33.921482,-118.239014,385,18811.73012755
p_901729,33.922112,-118.239014,386,18881.61034133
p_901729,33.922779,-118.239006,387,18955.59833715
p_901729,33.922829,-118.239006,388,18961.14438677
p_901729,33.923199,-118.239014,389,19002.19182163
p_901729,33.923286,-118.239014,390,19011.84194866
p_901729,33.92329,-118.239159,391,19025.25711142
p_901729,33.923302,-118.239876,392,19091.56984176
p_901729,33.923302,-118.240517,393,19150.84165961
p_901729,33.923298,-118.240807,394,19177.66097354
p_901729,33.923298,-118.241043,395,19199.48335991
p_901729,33.92326,-118.241112,396,19207.13019734
p_901729,33.923176,-118.241135,397,19216.68720418
p_901729,33.922878,-118.241135,398,19249.74166112
p_901729,33.922817,-118.241104,399,19257.09000161
p_901729,33.922791,-118.241066,400,19261.63575724
p_901729,33.922775,-118.241005,401,19267.54893509
p_901729,33.922783,-118.240936,402,19273.99065937
p_901729,33.922813,-118.240875,403,19280.5396359
p_901729,33.922871,-118.240868,404,19287.00553339
p_901729,33.923161,-118.24086,405,19319.1811271
p_901729,33.923203,-118.240807,406,19325.94286704
p_901729,33.923222,-118.240746,407,19331.96426369
p_901729,33.923218,-118.239868,408,19413.15222476
p_901729,33.923214,-118.239258,409,19469.55934449
p_901729,33.923244,-118.239159,410,19479.29970268
p_901729,33.922882,-118.239151,411,19519.45991718
p_901729,33.922768,-118.239151,412,19532.10491036
p_901729,33.922215,-118.239159,413,19593.44867656
p_901729,33.922058,-118.239159,414,19610.86327048
p_901729,33.921711,-118.239151,415,19649.35995732
p_901729,33.920856,-118.239151,416,19744.19738239
p_901729,33.920502,-118.239166,417,19783.48789118
p_901729,33.919842,-118.239166,418,19856.69571484
p_901729,33.919586,-118.239174,419,19885.10110936
p_901729,33.918499,-118.239174,420,20005.67215436
p_901729,33.918491,-118.239182,421,20006.82744665
p_901729,33.918179,-118.239174,422,20041.44267725
p_901729,33.918015,-118.239166,423,20059.64874257
p_901729,33.917809,-118.239166,424,20082.49844883
p_901729,33.917103,-118.239159,425,20160.81127671
p_901729,33.916882,-118.239159,426,20185.32479286
p_901729,33.916222,-118.239151,427,20258.53631134
p_901729,33.916176,-118.239021,428,20271.59609035
p_901729,33.916153,-118.238907,429,20282.44258825
p_901729,33.916153,-118.23867,430,20304.35927172
p_901729,33.916157,-118.238167,431,20350.87654184
p_901729,33.916161,-118.237709,432,20393.23262237
p_901729,33.916164,-118.237221,433,20438.36186756
p_901729,33.916164,-118.236938,434,20464.53241873
p_901729,33.916168,-118.236839,435,20473.6982325
p_901729,33.916164,-118.236626,436,20493.40049838
p_901729,33.916157,-118.236404,437,20513.94472589
p_901729,33.916161,-118.236275,438,20525.88230713
p_901729,33.916164,-118.235725,439,20576.74489176
p_901729,33.916164,-118.235497,440,20597.82929341
p_901729,33.916161,-118.23526,441,20619.74850049
p_901729,33.916157,-118.234215,442,20716.38636553
p_901729,33.916157,-118.23204,443,20917.52047663
p_901729,33.916157,-118.231789,444,20940.73181543
p_901729,33.916161,-118.231667,445,20952.0225414
p_901729,33.916016,-118.23159,446,20969.61182751
p_901729,33.915359,-118.231247,447,21049.09061617
p_901729,33.914852,-118.23098,448,21110.50920984
p_901729,33.914394,-118.230736,449,21166.09671125
p_901729,33.913986,-118.230515,450,21215.75324913
p_901729,33.913635,-118.230324,451,21258.50587437
p_901729,33.912342,-118.229652,452,21414.8118999
p_901729,33.910828,-118.228828,453,21599.22686561
p_901729,33.910339,-118.228592,454,21657.69363873
p_901729,33.910217,-118.228531,455,21672.35478914
p_901729,33.909615,-118.228218,456,21745.13343558
p_901729,33.909019,-118.227882,457,21818.18120807
p_901729,33.908401,-118.22757,458,21892.5557336
p_901729,33.907883,-118.227303,459,21955.09417443
p_901729,33.907639,-118.22718,460,21984.4523043
p_901729,33.907394,-118.227051,461,22014.1314153
p_901729,33.9074044771092,-118.227054620004,462,22015.34080799
p_901729,33.9054553606942,-118.226036568465,463,22251.15121461
p_901729,33.9048781176669,-118.225704271449,464,22322.17333752
p_901729,33.9037560105709,-118.225210173428,465,22454.76229512
p_901729,33.9033006212085,-118.225040161001,466,22507.66526149
p_901729,33.9032364816664,-118.224244193732,467,22581.62673974
p_901729,33.9031723420761,-118.222551797304,468,22738.31713719
p_901729,33.900648974972,-118.222338066329,469,23018.90778836
p_901729,33.8983789542748,-118.222202952078,470,23271.00972842
p_901729,33.8981277806786,-118.222265757536,471,23299.46923654
p_901729,33.898085128485,-118.222494141017,472,23321.11685115
p_901729,33.8980377371338,-118.223910118602,473,23452.19314099
p_901729,33.897947693494,-118.224058567865,474,23469.172231
