shape_id,shape_pt_lat,shape_pt_lon,shape_pt_sequence,shape_dist_traveled
p_1274525,33.920832,-118.413548,1,0
p_1274525,33.920857,-118.413548,2,2.77302393
p_1274525,33.922224,-118.41354,3,154.40379394
p_1274525,33.923596,-118.413531,4,306.58967363
p_1274525,33.923597,-118.412943,5,360.9606276
p_1274525,33.923598,-118.41239,6,412.09522856
p_1274525,33.923599,-118.411802,7,466.46618126
p_1274525,33.9236,-118.411232,8,519.17272346
p_1274525,33.923602,-118.410475,9,589.17090551
p_1274525,33.923601,-118.410061,10,627.45257435
p_1274525,33.923599,-118.409731,11,657.9676269
p_1274525,33.92361,-118.408732,12,750.3506249
p_1274525,33.923605,-118.407769,13,839.39846252
p_1274525,33.923606,-118.406825,14,926.68776487
p_1274525,33.923617,-118.405844,15,1017.40648994
p_1274525,33.923609,-118.404853,16,1109.0459783
p_1274525,33.9238,-118.404854,17,1130.23209274
p_1274525,33.924313,-118.404856,18,1187.13487396
p_1274525,33.92462,-118.404857,19,1221.18775338
p_1274525,33.925073,-118.404858,20,1271.43506472
p_1274525,33.925769,-118.404865,21,1348.63882159
p_1274525,33.926046,-118.404868,22,1379.36520417
p_1274525,33.927008,-118.404876,23,1486.07382741
p_1274525,33.928027,-118.404867,24,1599.10546871
p_1274525,33.929041,-118.404871,25,1711.58006795
p_1274525,33.929888,-118.404873,26,1805.53043231
p_1274525,33.930325,-118.404876,27,1854.00375722
p_1274525,33.930426,-118.404875,28,1865.20717279
p_1274525,33.930509,-118.404875,29,1874.41362664
p_1274525,33.930866,-118.404876,30,1914.01257966
p_1274525,33.930862,-118.4081,31,2212.1025431
p_1274525,33.930862,-118.408157,32,2217.37273835
p_1274525,33.930861,-118.40828,33,2228.74580593
p_1274525,33.930864,-118.408777,34,2274.69941471
p_1274525,33.930864,-118.409082,35,2302.89958163
p_1274525,33.930863,-118.40999,36,2386.8529392
p_1274525,33.930861,-118.410902,37,2471.17635505
p_1274525,33.93086,-118.411125,38,2491.79513695
p_1274525,33.93086,-118.411247,39,2503.07520424
p_1274525,33.930858,-118.41214,40,2585.64189744
p_1274525,33.930857,-118.412774,41,2644.2613702
p_1274525,33.930857,-118.413559,42,2716.84213362
p_1274525,33.930852,-118.414959,43,2846.28672523
p_1274525,33.93085,-118.415717,44,2916.37143624
p_1274525,33.930849,-118.415974,45,2940.13380702
p_1274525,33.930667,-118.415973,46,2960.32166549
p_1274525,33.930562,-118.415972,47,2971.96875149
p_1274525,33.930513,-118.415971,48,2977.40467334
p_1274525,33.930212,-118.415968,49,3010.79308532
p_1274525,33.929509,-118.415964,50,3088.77150956
p_1274525,33.928916,-118.415971,51,3154.55091089
p_1274525,33.927944,-118.41597,52,3262.36625384
p_1274525,33.926982,-118.415967,53,3369.07268996
p_1274525,33.926,-118.415963,54,3477.99779778
p_1274525,33.925063,-118.415964,55,3581.93085492
p_1274525,33.92359,-118.415969,56,3745.31817135
p_1274525,33.923591,-118.416577,57,3801.53847387
p_1274525,33.92359,-118.417077,58,3847.77231835
p_1274525,33.923603,-118.417077,59,3849.21429144
p_1274525,33.923602,-118.417183,60,3859.0164645
p_1274525,33.922234,-118.417177,61,4010.75739922
p_1274525,33.920842,-118.417188,62,4165.16273927
p_1274525,33.920334,-118.417181,63,4221.51430088
p_1274525,33.920228,-118.41718,64,4233.27228488
p_1274525,33.919131,-118.417167,65,4354.95848977
p_1274525,33.919055,-118.417166,66,4363.38898728
p_1274525,33.919053,-118.417769,67,4419.15023988
p_1274525,33.919052,-118.418243,68,4462.98226252
p_1274525,33.918997,-118.41835,69,4474.60637123
p_1274525,33.918983,-118.418445,70,4483.52744439
p_1274525,33.918959,-118.418645,71,4502.21253681
p_1274525,33.918938,-118.418913,72,4527.10437777
p_1274525,33.918933,-118.419022,73,4537.19912151
p_1274525,33.918928,-118.419393,74,4571.51088569
p_1274525,33.9189241287148,-118.419402778954,75,4572.51194487
p_1274525,33.918918,-118.419495,76,4581.06690488
p_1274525,33.918922,-118.420079,77,4635.07264914
p_1274525,33.918926,-118.420651,78,4687.96875954
p_1274525,33.918929,-118.42123,79,4741.51134825
p_1274525,33.918931,-118.421745,80,4789.13518074
p_1274525,33.918926,-118.422126,81,4824.37155268
p_1274525,33.918899,-118.422417,82,4851.44718577
p_1274525,33.918897,-118.422446,83,4854.13804826
p_1274525,33.918839,-118.422696,84,4878.134648
p_1274525,33.918828,-118.422743,85,4882.6488769
p_1274525,33.918691,-118.423019,86,4912.35272973
p_1274525,33.918671,-118.423045,87,4915.62412007
p_1274525,33.918493,-118.423283,88,4945.19096108
p_1274525,33.918006,-118.423787,89,5016.53632798
p_1274525,33.917838,-118.42398,90,5042.33907938
p_1274525,33.917724,-118.424186,91,5065.2035095
p_1274525,33.917597,-118.424488,92,5096.48233613
p_1274525,33.917408,-118.425015,93,5149.5339566
p_1274525,33.917346,-118.425186,94,5166.77773378
p_1274525,33.916735,-118.426875,95,5337.0371579
p_1274525,33.916464,-118.427623,96,5412.45760115
p_1274525,33.916017,-118.427398,97,5466.22810932
p_1274525,33.914385,-118.426576,98,5662.56366237
p_1274525,33.912939,-118.425762,99,5839.74181382
p_1274525,33.912493,-118.425476,100,5895.83905245
p_1274525,33.912168,-118.42512,101,5944.65969936
p_1274525,33.911558,-118.424256,102,6049.36194822
p_1274525,33.9113,-118.423945,103,6089.93516807
p_1274525,33.910917,-118.423653,104,6140.27417176
p_1274525,33.910468,-118.423399,105,6195.3393505
p_1274525,33.909372,-118.42286,106,6326.73140555
p_1274525,33.907881,-118.422102,107,6506.3583673
p_1274525,33.907517,-118.421916,108,6550.24532998
p_1274525,33.90692,-118.421622,109,6621.83006222
p_1274525,33.9067,-118.421478,110,6649.63027177
p_1274525,33.906439,-118.421293,111,6683.25865009
p_1274525,33.906265,-118.421137,112,6707.35553434
p_1274525,33.906099,-118.420949,113,6732.68051296
p_1274525,33.905978,-118.420789,114,6752.6582401
p_1274525,33.905957,-118.420762,115,6756.0731309
p_1274525,33.905845,-118.420592,116,6776.11153033
p_1274525,33.90576,-118.420834,117,6800.39805972
p_1274525,33.905467,-118.421674,118,6884.61092569
p_1274525,33.905331,-118.422056,119,6923.02676738
p_1274525,33.905322,-118.42208,120,6925.46061331
p_1274525,33.905262,-118.422124,121,6933.26141705
p_1274525,33.905223,-118.422144,122,6937.96620415
p_1274525,33.905158,-118.422155,123,6945.2474726
p_1274525,33.905103,-118.422141,124,6951.48400523
p_1274525,33.905039,-118.422117,125,6958.92186572
p_1274525,33.9049,-118.422051,126,6975.50423226
p_1274525,33.904663,-118.421934,127,7003.93247211
p_1274525,33.904658,-118.421932,128,7004.5171095
p_1274525,33.904351,-118.421782,129,7041.28731968
p_1274525,33.904118,-118.421664,130,7069.3416603
p_1274525,33.903476,-118.421342,131,7146.5293931
p_1274525,33.903435,-118.421321,132,7151.47453415
p_1274525,33.90267,-118.420939,133,7243.39042842
p_1274525,33.902218,-118.420714,134,7297.6739412
p_1274525,33.902236,-118.420655,135,7303.48466266
p_1274525,33.902258,-118.420574,136,7311.36380191
p_1274525,33.9024,-118.420147,137,7353.88219492
p_1274525,33.902797,-118.419013,138,7467.63512668
p_1274525,33.902899,-118.418721,139,7496.9162483
p_1274525,33.903205,-118.418868,140,7533.47976091
p_1274525,33.903468,-118.418993,141,7564.85926963
p_1274525,33.90351,-118.419013,142,7569.87174155
p_1274525,33.903811,-118.41916,143,7605.92097549
p_1274525,33.904116,-118.419308,144,7642.41608424
p_1274525,33.904432,-118.419455,145,7680.01146612
p_1274525,33.904733,-118.4196,146,7715.99129482
p_1274525,33.905024,-118.41976,147,7751.49967719
p_1274525,33.905187,-118.419871,148,7772.29106328
p_1274525,33.905327,-118.419979,149,7790.75505813
p_1274525,33.905456,-118.420105,150,7809.2088358
p_1274525,33.905583,-118.420239,151,7827.9714089
p_1274525,33.905665,-118.420341,152,7841.07568012
p_1274525,33.905845,-118.420592,153,7871.69474725
p_1274525,33.905957,-118.420762,154,7891.73314668
p_1274525,33.905978,-118.420789,155,7895.14803748
p_1274525,33.906099,-118.420949,156,7915.12576462
p_1274525,33.906265,-118.421137,157,7940.45074324
p_1274525,33.906439,-118.421293,158,7964.54762749
p_1274525,33.9067,-118.421478,159,7998.17600581
p_1274525,33.90692,-118.421622,160,8025.97621536
p_1274525,33.907517,-118.421916,161,8097.5609476
p_1274525,33.907881,-118.422102,162,8141.44791028
p_1274525,33.909372,-118.42286,163,8321.07487203
p_1274525,33.910468,-118.423399,164,8452.46692708
p_1274525,33.910917,-118.423653,165,8507.53210582
p_1274525,33.9113,-118.423945,166,8557.87110951
p_1274525,33.911558,-118.424256,167,8598.44432936
p_1274525,33.912168,-118.42512,168,8703.14657822
p_1274525,33.912493,-118.425476,169,8751.96722513
p_1274525,33.912939,-118.425762,170,8808.06446376
p_1274525,33.914385,-118.426576,171,8985.24261521
p_1274525,33.916017,-118.427398,172,9181.57816826
p_1274525,33.916464,-118.427623,173,9235.34867643
p_1274525,33.916735,-118.426875,174,9310.76911968
p_1274525,33.917346,-118.425186,175,9481.0285438
p_1274525,33.917408,-118.425015,176,9498.27232098
p_1274525,33.917597,-118.424488,177,9551.32394145
p_1274525,33.917724,-118.424186,178,9582.60276808
p_1274525,33.917838,-118.42398,179,9605.4671982
p_1274525,33.918006,-118.423787,180,9631.2699496
p_1274525,33.918493,-118.423283,181,9702.6153165
p_1274525,33.918671,-118.423045,182,9732.18215751
p_1274525,33.918691,-118.423019,183,9735.45354785
p_1274525,33.918828,-118.422743,184,9765.15740068
p_1274525,33.918839,-118.422696,185,9769.67162958
p_1274525,33.918897,-118.422446,186,9793.66822932
p_1274525,33.918899,-118.422417,187,9796.35909181
p_1274525,33.918926,-118.422126,188,9823.4347249
p_1274525,33.918931,-118.421745,189,9858.67109684
p_1274525,33.918929,-118.42123,190,9906.29492933
p_1274525,33.918926,-118.420651,191,9959.83751804
p_1274525,33.918922,-118.420079,192,10012.73362844
p_1274525,33.918918,-118.419495,193,10066.7393727
p_1274525,33.918931,-118.418979,194,10114.47694725
p_1274525,33.918938,-118.418913,195,10120.62932064
p_1274525,33.919002,-118.418333,196,10174.73108535
p_1274525,33.918937,-118.418208,197,10188.35436551
p_1274525,33.918938,-118.417766,198,10229.2273388
p_1274525,33.91894,-118.417163,199,10284.98866631
p_1274525,33.918941,-118.416567,200,10340.10235605
p_1274525,33.91894,-118.415959,201,10396.32571294
p_1274525,33.918972,-118.415619,202,10427.96606225
p_1274525,33.919023,-118.415321,203,10456.09748398
p_1274525,33.919114,-118.414989,204,10488.41503946
p_1274525,33.919191,-118.414715,205,10515.15322146
p_1274525,33.919351,-118.41414,206,10571.20829822
p_1274525,33.919375,-118.414081,207,10577.27897033
p_1274525,33.919429,-118.413946,208,10591.12526797
p_1274525,33.919428,-118.413546,209,10628.11420201
p_1274525,33.919614,-118.413545,210,10648.74570282
p_1274525,33.919807,-118.413544,211,10670.1536433
p_1274525,33.920832,-118.413548,212,10783.84821626
p_1276363,33.919386,-118.395446,1,0
p_1276363,33.91939,-118.395199,2,22.8448838
p_1276363,33.919392,-118.395095,3,32.46452595
p_1276363,33.91939,-118.39485,4,55.12124221
p_1276363,33.919386,-118.394258,5,109.8664423
p_1276363,33.919387,-118.394108,6,123.7376805
p_1276363,33.919386,-118.394041,7,129.93429497
p_1276363,33.919383,-118.393036,8,222.8692174
p_1276363,33.919384,-118.392664,9,257.2689683
p_1276363,33.919385,-118.392242,10,296.29229596
p_1276363,33.919388,-118.391807,11,336.51897696
p_1276363,33.919388,-118.391705,12,345.9511172
p_1276363,33.919378,-118.390963,13,414.57428289
p_1276363,33.919378,-118.390789,14,430.66440635
p_1276363,33.919372,-118.39045,15,462.01947043
p_1276363,33.9194,-118.389989,16,504.762033
p_1276363,33.919452,-118.389692,17,532.82533052
p_1276363,33.91947,-118.38959,18,542.46646305
p_1276363,33.919522,-118.389276,19,572.06996135
p_1276363,33.919556,-118.389073,20,591.21682385
p_1276363,33.91957,-118.388985,21,599.50118535
p_1276363,33.91963,-118.388656,22,630.6438179
p_1276363,33.919653,-118.38853,23,642.57128261
p_1276363,33.919681,-118.388367,24,657.96081298
p_1276363,33.919701,-118.388152,25,677.96560027
p_1276363,33.919707,-118.38789,26,702.20230435
p_1276363,33.919714,-118.387639,27,725.42566307
p_1276363,33.919757,-118.387389,28,749.03045591
p_1276363,33.919214,-118.387391,29,809.26080623
p_1276363,33.918923,-118.387394,30,841.53998754
p_1276363,33.918757,-118.387396,31,859.95378921
p_1276363,33.918224,-118.3874,32,919.0757938
p_1276363,33.917368,-118.387408,33,1014.02696796
p_1276363,33.917219,-118.387409,34,1030.55443972
p_1276363,33.916801,-118.387413,35,1076.92084636
p_1276363,33.916433,-118.387403,36,1117.75020422
p_1276363,33.916263,-118.387403,37,1136.60675313
p_1276363,33.916264,-118.387363,38,1140.30742936
p_1276363,33.91627,-118.386984,39,1175.36189938
p_1276363,33.916282,-118.386236,40,1244.54624771
p_1276363,33.916289,-118.385933,41,1272.57702378
p_1276363,33.916298,-118.385552,42,1307.82425515
p_1276363,33.916307,-118.385172,43,1342.97904472
p_1276363,33.916305,-118.384591,44,1396.70764761
p_1276363,33.916303,-118.384105,45,1441.65118829
p_1276363,33.916302,-118.383802,46,1469.67142259
p_1276363,33.9163,-118.383166,47,1528.48613039
p_1276363,33.916299,-118.382606,48,1580.27241687
p_1276363,33.916297,-118.381649,49,1668.77155804
p_1276363,33.916296,-118.381207,50,1709.64579233
p_1276363,33.916297,-118.381116,51,1718.06177586
p_1276363,33.916298,-118.38082,52,1745.43468987
p_1276363,33.916302,-118.379216,53,1893.76573289
p_1276363,33.916303,-118.37845,54,1964.60189663
p_1276363,33.916462,-118.378429,55,1982.34491138
p_1276363,33.916455,-118.379577,56,2088.50919733
p_1276363,33.916447,-118.380894,57,2210.30218384
p_1276363,33.916446,-118.381209,58,2239.43206433
p_1276363,33.916441,-118.381916,59,2304.81434332
p_1276363,33.916436,-118.382794,60,2386.00941855
p_1276363,33.916435,-118.382948,61,2400.251024
p_1276363,33.916438,-118.383168,62,2420.59827853
p_1276363,33.917264,-118.383176,63,2512.22191628
p_1276363,33.917352,-118.383177,64,2521.98339292
p_1276363,33.917483,-118.383178,65,2536.51432445
p_1276363,33.918083,-118.383183,66,2603.06847167
p_1276363,33.918452,-118.383186,67,2643.99922783
p_1276363,33.918737,-118.383189,68,2675.61290626
p_1276363,33.919627,-118.383197,69,2774.33530316
p_1276363,33.919819,-118.383198,70,2795.63232379
p_1276363,33.920648,-118.383206,71,2887.58876374
p_1276363,33.922467,-118.383222,72,3089.3594325
p_1276363,33.922809,-118.383225,73,3127.29542516
p_1276363,33.923049,-118.383227,74,3153.91710625
p_1276363,33.923641,-118.383231,75,3219.58338121
p_1276363,33.924194,-118.383227,76,3280.92381625
p_1276363,33.924245,-118.383227,77,3286.58078817
p_1276363,33.924634,-118.383223,78,3329.73065091
p_1276363,33.924711,-118.383221,79,3338.27357182
p_1276363,33.925121,-118.383218,80,3383.75204035
p_1276363,33.925901,-118.383211,81,3470.27287362
p_1276363,33.92618,-118.383209,82,3501.22039934
p_1276363,33.92653,-118.383206,83,3540.04376011
p_1276363,33.927088,-118.383201,84,3601.93944084
p_1276363,33.927071,-118.384254,85,3699.32192566
p_1276363,33.927073,-118.384735,86,3743.79749997
p_1276363,33.927012,-118.385225,87,3789.60715511
p_1276363,33.92695,-118.385649,88,3829.41039517
p_1276363,33.926937,-118.385995,89,3861.43535003
p_1276363,33.926933,-118.386823,90,3937.99666969
p_1276363,33.92693,-118.387465,91,3997.35937031
p_1276363,33.926648,-118.387461,92,4028.64129699
p_1276363,33.926532,-118.387459,93,4041.50946891
p_1276363,33.925786,-118.387446,94,4124.26530478
p_1276363,33.925668,-118.387444,95,4137.35529448
p_1276363,33.92554,-118.387442,96,4151.55439231
p_1276363,33.925113,-118.387435,97,4198.92209797
p_1276363,33.92494,-118.387432,98,4218.1134415
p_1276363,33.92481,-118.387429,99,4232.53584333
p_1276363,33.924605,-118.387427,100,4255.27540582
p_1276363,33.924618,-118.387427,101,4256.71737915
p_1276363,33.924547,-118.387426,102,4264.59331471
p_1276363,33.924366,-118.387423,103,4284.67193605
p_1276363,33.924002,-118.387418,104,4325.04983335
p_1276363,33.923616,-118.387412,105,4367.86893784
p_1276363,33.923616,-118.387888,106,4411.883418
p_1276363,33.9236203800648,-118.387983089731,107,4420.68952987
p_1276363,33.923615,-118.387979,108,4421.3960249
p_1276363,33.923615,-118.388212,109,4442.94092826
p_1276363,33.923614,-118.388974,110,4513.40117202
p_1276363,33.923613,-118.389403,111,4553.06984084
p_1276363,33.923613,-118.389576,112,4569.06670078
p_1276363,33.923612,-118.390272,113,4633.42410613
p_1276363,33.923612,-118.39054,114,4658.20536923
p_1276363,33.923611,-118.390759,115,4678.45603365
p_1276363,33.923609,-118.392044,116,4797.27685203
p_1276363,33.923608,-118.392696,117,4857.56570109
p_1276363,33.923486,-118.392773,118,4872.85684794
p_1276363,33.923332,-118.392753,119,4890.0385002
p_1276363,33.9233,-118.392742,120,4893.73083491
p_1276363,33.923205,-118.392708,121,4904.72733159
p_1276363,33.92292,-118.392551,122,4939.51391283
p_1276363,33.922751,-118.392382,123,4963.9189651
p_1276363,33.922649,-118.392273,124,4979.07127814
p_1276363,33.922053,-118.391474,125,5078.21267906
p_1276363,33.921823,-118.39122,126,5112.88977193
p_1276363,33.921695,-118.391127,127,5129.48898825
p_1276363,33.92158,-118.391065,128,5143.47404619
p_1276363,33.921405,-118.391007,129,5163.61251354
p_1276363,33.92125,-118.390982,130,5180.95998641
p_1276363,33.920934,-118.390974,131,5216.01881581
p_1276363,33.920754,-118.390968,132,5235.99229548
p_1276363,33.920325,-118.390966,133,5283.57774309
p_1276363,33.920001,-118.390965,134,5319.51624816
p_1276363,33.919515,-118.390963,135,5373.42414101
p_1276363,33.919514,-118.391776,136,5448.60381771
p_1276363,33.919512,-118.392668,137,5531.08898664
p_1276363,33.919512,-118.392786,138,5542.00066248
p_1276363,33.919511,-118.393322,139,5591.56568729
p_1276363,33.919513,-118.3936,140,5617.27381297
p_1276363,33.919514,-118.393796,141,5635.39863057
p_1276363,33.919517,-118.394252,142,5677.5670959
p_1276363,33.919517,-118.394371,143,5688.57124292
p_1276363,33.91951,-118.39511,144,5756.91233432
p_1276363,33.919508,-118.395842,145,5824.60207913
p_1276363,33.919457,-118.395933,146,5834.74172835
p_1276363,33.919457,-118.396144,147,5854.25329683
p_1276363,33.919458,-118.396525,148,5889.48526076
p_1276363,33.919459,-118.396754,149,5910.66161337
p_1276363,33.919461,-118.397237,150,5955.3260849
p_1276363,33.919455,-118.397708,151,5998.88542833
p_1276363,33.919448,-118.39832,152,6055.48355388
p_1276363,33.919446,-118.398546,153,6076.38338053
p_1276363,33.919445,-118.398634,154,6084.52166375
p_1276363,33.919438,-118.39944,155,6159.05806364
p_1276363,33.919438,-118.400333,156,6241.63547842
p_1276363,33.919438,-118.400351,157,6243.29997278
p_1276363,33.919438,-118.40048,158,6255.22884905
p_1276363,33.919444,-118.401148,159,6317.00366723
p_1276363,33.919448,-118.401563,160,6355.38207065
p_1276363,33.919447,-118.401782,161,6375.63372025
p_1276363,33.919443,-118.40247,162,6439.25593556
p_1276363,33.919442,-118.402655,163,6456.36359743
p_1276363,33.919442,-118.402711,164,6461.54202409
p_1276363,33.91944,-118.403414,165,6526.5501524
p_1276363,33.919439,-118.403742,166,6556.88114086
p_1276363,33.919433,-118.404407,167,6618.37856309
p_1276363,33.919429,-118.40484,168,6658.42136112
p_1276363,33.919429,-118.405712,169,6739.0568743
p_1276363,33.919437,-118.406613,170,6822.37879453
p_1276363,33.919436,-118.407769,171,6929.27638082
p_1276363,33.919434,-118.408242,172,6973.01615792
p_1276363,33.919439,-118.408921,173,7035.80703461
p_1276363,33.919437,-118.409727,174,7110.33972346
p_1276363,33.919435,-118.410074,175,7142.42824351
p_1276363,33.919434,-118.411224,176,7248.77100112
p_1276363,33.919429,-118.412368,177,7354.56032689
p_1276363,33.919428,-118.413372,178,7447.40220014
p_1276363,33.919428,-118.413552,179,7464.04714571
p_1276363,33.919429,-118.413946,180,7500.48125077
p_1276363,33.919454,-118.413982,181,7504.81389698
p_1276363,33.919454,-118.414118,182,7517.39007426
p_1276363,33.919442,-118.414283,183,7532.70588593
p_1276363,33.919425,-118.414395,184,7543.23299997
p_1276363,33.919334,-118.414728,185,7575.63830837
p_1276363,33.919158,-118.415346,186,7636.02853211
p_1276363,33.919113,-118.415616,187,7661.49008607
p_1276363,33.919079,-118.415818,188,7680.5463917
p_1276363,33.919065,-118.415952,189,7693.03460673
p_1276363,33.91958,-118.415957,190,7750.16075661
p_1276363,33.920702,-118.415955,191,7874.61419362
p_1276363,33.920844,-118.415955,192,7890.36496934
p_1276363,33.921405,-118.415961,193,7952.59410246
p_1276363,33.922122,-118.415958,194,8032.12492438
p_1276363,33.922235,-118.415957,195,8044.65933633
p_1276363,33.922554,-118.41596,196,8080.04421796
p_1276363,33.923329,-118.415966,197,8166.00977936
p_1276363,33.92349,-118.415962,198,8183.87189076
p_1276363,33.923604,-118.41596,199,8196.5182377
p_1276363,33.923606,-118.416588,200,8254.58819316
p_1276363,33.923602,-118.417183,201,8309.60809005
p_1276363,33.9235,-118.417183,202,8320.92203265
p_1276363,33.922234,-118.417177,203,8461.34910649
p_1276363,33.920842,-118.417188,204,8615.75444654
p_1276363,33.920334,-118.417181,205,8672.10600814999
p_1276363,33.920228,-118.41718,206,8683.86399214999
p_1276363,33.919206,-118.417168,207,8797.23062041999
p_1276363,33.919131,-118.417167,208,8805.55020385999
p_1276363,33.919055,-118.417166,209,8813.98070136999
p_1276363,33.918948,-118.417166,210,8825.84924021999
p_1276363,33.918947,-118.416576,211,8880.40809194999
p_1276363,33.918951,-118.415953,212,8938.02012887999
p_1276363,33.918972,-118.415619,213,8968.99363074999
p_1276363,33.919023,-118.415321,214,8997.12505247999
p_1276363,33.919114,-118.414989,215,9029.44260795999
p_1276363,33.91919,-118.41473,216,9054.83319326999
p_1276363,33.919245,-118.414532,217,9074.13229142999
p_1276363,33.91937,-118.414086,218,9117.64307265999
p_1276363,33.919401,-118.413987,219,9127.42226489999
p_1276363,33.919429,-118.413946,220,9132.32330933999
p_1276363,33.919428,-118.413552,221,9168.75741439999
p_1276363,33.919429,-118.412368,222,9278.24422304999
p_1276363,33.919434,-118.411224,223,9384.03354881999
p_1276363,33.919435,-118.410074,224,9490.37630642999
p_1276363,33.919437,-118.409727,225,9522.46482647999
p_1276363,33.919439,-118.408921,226,9596.99751532999
p_1276363,33.919434,-118.408242,227,9659.78839201999
p_1276363,33.919436,-118.407769,228,9703.52816911999
p_1276363,33.919437,-118.406613,229,9810.42575540999
p_1276363,33.919429,-118.405712,230,9893.74767563999
p_1276363,33.919429,-118.40484,231,9974.38318881999
p_1276363,33.919433,-118.404407,232,10014.42598685
p_1276363,33.919439,-118.403742,233,10075.92340908
p_1276363,33.91944,-118.403414,234,10106.25439754
p_1276363,33.919442,-118.402711,235,10171.26252585
p_1276363,33.919442,-118.402655,236,10176.44095251
p_1276363,33.919443,-118.40247,237,10193.54861438
p_1276363,33.919447,-118.401782,238,10257.17082969
p_1276363,33.919448,-118.401563,239,10277.42247929
p_1276363,33.919444,-118.401148,240,10315.80088271
p_1276363,33.919438,-118.40048,241,10377.57570089
p_1276363,33.919438,-118.39944,242,10473.7464863
p_1276363,33.919445,-118.398634,243,10548.28288619
p_1276363,33.919446,-118.398546,244,10556.42116941
p_1276363,33.919448,-118.39832,245,10577.32099606
p_1276363,33.919455,-118.397708,246,10633.91912161
p_1276363,33.919461,-118.397237,247,10677.47846504
p_1276363,33.919459,-118.396754,248,10722.14293657
p_1276363,33.919457,-118.396144,249,10778.55122414
p_1276363,33.919457,-118.395933,250,10798.06279262
p_1276363,33.919379,-118.395839,251,10810.32702338
p_1276363,33.919386,-118.395446,252,10846.67680076
