shape_id,shape_pt_lat,shape_pt_lon,shape_pt_sequence,shape_dist_traveled
p_1274268,34.161959,-118.040286,1,0
p_1274268,34.161953,-118.040805,2,47.86114394
p_1274268,34.161949,-118.041085,3,73.68350213
p_1274268,34.161954,-118.041885,4,147.45286065
p_1274268,34.161914,-118.044439,5,382.9967244
p_1274268,34.161913,-118.044759,6,412.50385554
p_1274268,34.161913,-118.044943,7,429.47033616
p_1274268,34.162751,-118.044936,8,522.42799651
p_1274268,34.163562,-118.044936,9,612.38844434
p_1274268,34.164113,-118.044943,10,673.5117195
p_1274268,34.164355,-118.044946,11,700.35708084
p_1274268,34.164457,-118.044946,12,711.67146746
p_1274268,34.165603,-118.044947,13,838.7919753
p_1274268,34.165842,-118.044946,14,865.30330215
p_1274268,34.166821,-118.044937,15,973.90243335
p_1274268,34.16682,-118.045192,16,997.41466358
p_1274268,34.166814,-118.047943,17,1251.06819639
p_1274268,34.166813,-118.048175,18,1272.45976697
p_1274268,34.168141,-118.048175,19,1419.76871761
p_1274268,34.168839,-118.048179,20,1497.19554821
p_1274268,34.169335,-118.048179,21,1552.21456833
p_1274268,34.169419,-118.048207,22,1561.88333464
p_1274268,34.169458,-118.048288,23,1570.51410746
p_1274268,34.169452,-118.048822,24,1619.75390431
p_1274268,34.169448,-118.049149,25,1649.90687616
p_1274268,34.169437,-118.050069,26,1734.74052327
p_1274268,34.169416,-118.052256,27,1936.39748791
p_1274268,34.169273,-118.052262,28,1952.26947077
p_1274268,34.168342,-118.0523,29,2055.60047095
p_1274268,34.168113,-118.052318,30,2081.0565528
p_1274268,34.167782,-118.052334,31,2117.8024931
p_1274268,34.166785,-118.052381,32,2228.48000027
p_1274268,34.166784,-118.052718,33,2259.55289149
p_1274268,34.166782,-118.053128,34,2297.35711648
p_1274268,34.166773,-118.055018,35,2471.62524326
p_1274268,34.166754,-118.05665,36,2622.11670198
p_1274268,34.166747,-118.057147,37,2667.94860553
p_1274268,34.16675,-118.05766,38,2715.25036481
p_1274268,34.16675,-118.057925,39,2739.68439168
p_1274268,34.166733,-118.05962,40,2895.98135157
p_1274268,34.166731,-118.059852,41,2917.37380549
p_1274268,34.166727,-118.060948,42,3018.43025156
p_1274268,34.166724,-118.061113,43,3033.64753439
p_1274268,34.166719,-118.062252,44,3138.6692478
p_1274268,34.166718,-118.062448,45,3156.74155444
p_1274268,34.166724,-118.063149,46,3221.37991944
p_1274268,34.16672,-118.063364,47,3241.208724
p_1274268,34.166709,-118.064431,48,3339.59786614
p_1274268,34.166706,-118.06472,49,3366.24687719
p_1274268,34.166695,-118.065803,50,3466.11118666
p_1274268,34.166692,-118.067702,51,3641.20677812
p_1274268,34.166691,-118.068108,52,3678.64174153
p_1274268,34.166254,-118.068107,53,3727.11622747
p_1274268,34.166094,-118.068105,54,3744.86524805
p_1274268,34.165538,-118.068105,55,3806.53976187
p_1274268,34.164595,-118.068088,56,3911.15413073
p_1274268,34.164241,-118.068081,57,3950.42701217
p_1274268,34.16407,-118.068079,58,3969.39614422
p_1274268,34.163117,-118.068069,59,4075.11201869
p_1274268,34.162973,-118.068066,60,4091.08766194
p_1274268,34.162724,-118.06806,61,4118.71360967
p_1274268,34.162686,-118.068059,62,4122.92978057
p_1274268,34.161924,-118.06804,63,4207.47302986
p_1274268,34.16166,-118.068039,64,4236.75745732
p_1274268,34.161801,-118.067366,65,4300.75496265
p_1274268,34.161813,-118.067306,66,4306.44539333
p_1274268,34.161811,-118.067058,67,4329.31436184
p_1274268,34.16181,-118.067022,68,4332.63574749
p_1274268,34.16181,-118.066175,69,4410.73697864
p_1274268,34.161818,-118.065736,70,4451.2265613
p_1274268,34.161823,-118.065464,71,4476.31360466
p_1274268,34.161825,-118.065327,72,4488.94821712
p_1274268,34.16183,-118.065019,73,4517.35407403
p_1274268,34.161832,-118.06466,74,4550.45792845
p_1274268,34.161533,-118.064662,75,4583.62510877
p_1274268,34.161347,-118.064664,76,4604.25803976
p_1274268,34.161139,-118.064665,77,4627.33068679
p_1274268,34.160495,-118.064669,78,4698.76752837
p_1274268,34.15962,-118.064667,79,4795.82732385
p_1274268,34.159282,-118.064666,80,4833.32017828
p_1274268,34.158071,-118.064661,81,4967.65145372
p_1274268,34.156885,-118.064667,82,5099.20994424
p_1274268,34.156876,-118.065071,83,5136.47801828
p_1274268,34.15684,-118.066792,84,5295.22962727
p_1274268,34.15682,-118.067968,85,5403.69675681
p_1274268,34.155922,-118.067935,86,5503.35407095
p_1274268,34.153427,-118.067906,87,5780.12532263
p_1274268,34.152495,-118.067894,88,5883.51348677
p_1274268,34.151977,-118.067931,89,5941.07393142
p_1274268,34.151859,-118.067929,90,5954.16439652
p_1274268,34.15169,-118.067926,91,5972.91278493
p_1274268,34.150906,-118.067912,92,6059.88766363
p_1274268,34.150851,-118.067911,93,6065.98924188
p_1274268,34.150352,-118.0679,94,6121.3501664
p_1274268,34.15033,-118.069699,95,6287.2749735
p_1274268,34.150329,-118.069798,96,6296.40559807
p_1274268,34.150325,-118.07011,97,6325.1821979
p_1274268,34.15032,-118.070504,98,6361.52179311
p_1274268,34.150309,-118.071876,99,6488.05590505
p_1274268,34.150296,-118.072548,100,6550.04569849
p_1274268,34.150287,-118.073357,101,6624.65978623
p_1274268,34.150287,-118.073476,102,6635.63417697
p_1274268,34.150266,-118.074377,103,6718.75864845
p_1274268,34.15026,-118.074636,104,6742.65336462
p_1274268,34.150209,-118.074777,105,6756.83394713
p_1274268,34.150206,-118.074906,106,6768.73522005
p_1274269,34.161801,-118.067366,1,0
p_1274269,34.161813,-118.067306,2,5.69043068
p_1274269,34.161811,-118.067058,3,28.55939919
p_1274269,34.16181,-118.067022,4,31.88078484
p_1274269,34.16181,-118.066169,5,110.53527147
p_1274269,34.161812,-118.066045,6,121.97136987
p_1274269,34.161818,-118.065736,7,150.47179729
p_1274269,34.161823,-118.065464,8,175.55884065
p_1274269,34.161825,-118.065327,9,188.19345311
p_1274269,34.16183,-118.065019,10,216.59931002
p_1274269,34.16183,-118.064939,11,223.97604794
p_1274269,34.161832,-118.06466,12,249.70337768
p_1274269,34.161827,-118.06407,13,304.10964722
p_1274269,34.161826,-118.063922,14,317.75706374
p_1274269,34.161824,-118.063768,15,331.95901796
p_1274269,34.161824,-118.063725,16,335.92401487
p_1274269,34.161823,-118.063598,17,347.63511256
p_1274269,34.161821,-118.063374,18,368.29117208
p_1274269,34.161819,-118.063196,19,384.70591515
p_1274269,34.161817,-118.063009,20,401.95046959
p_1274269,34.161816,-118.062908,21,411.26426327
p_1274269,34.161819,-118.062423,22,455.98698159
p_1274269,34.16182,-118.062131,23,482.91230683
p_1274269,34.161821,-118.061958,24,498.86489003
p_1274269,34.161822,-118.061798,25,513.61878435
p_1274269,34.161823,-118.061658,26,526.52855342
p_1274269,34.161824,-118.061459,27,544.87852568
p_1274269,34.161828,-118.06125,28,564.15536149
p_1274269,34.161828,-118.061155,29,572.91523798
p_1274269,34.161829,-118.060674,30,617.26801422
p_1274269,34.16183,-118.060603,31,623.81580882
p_1274269,34.161839,-118.060086,32,671.49842721
p_1274269,34.161839,-118.060071,33,672.88156542
p_1274269,34.161838,-118.059814,34,696.57959323
p_1274269,34.161845,-118.059573,35,718.81557457
p_1274269,34.161845,-118.059517,36,723.9792902
p_1274269,34.161847,-118.05935,37,739.37982571
p_1274269,34.161848,-118.059268,38,746.94179414
p_1274269,34.161851,-118.059008,39,770.9184963
p_1274269,34.161853,-118.058808,40,789.36167068
p_1274269,34.161854,-118.058605,41,808.08046664
p_1274269,34.161857,-118.058191,42,846.25652431
p_1274269,34.161863,-118.057282,43,930.07732163
p_1274269,34.161864,-118.057156,44,941.69620878
p_1274269,34.161867,-118.056719,45,981.99299688
p_1274269,34.161867,-118.056578,46,994.99449179
p_1274269,34.160928,-118.056565,47,1099.1602504
p_1274269,34.160933,-118.056088,48,1143.14801338
p_1274269,34.160938,-118.056009,49,1150.45370213
p_1274269,34.160964,-118.055608,50,1187.54228825
p_1274269,34.160964,-118.054096,51,1326.96405842
p_1274269,34.160982,-118.053724,52,1361.32429768
p_1274269,34.160953,-118.053528,53,1379.68153811
p_1274269,34.160936,-118.053473,54,1385.092333
p_1274269,34.160929,-118.052994,55,1429.26784329
p_1274269,34.160926,-118.052744,56,1452.32279634
p_1274269,34.160675,-118.052761,57,1480.20913903
p_1274269,34.160129,-118.052793,58,1540.84618322
p_1274269,34.160116,-118.053646,59,1619.51545217
p_1274269,34.160111,-118.053931,60,1645.8014647
p_1274269,34.160098,-118.054477,61,1696.16937201
p_1274269,34.160096,-118.054542,62,1702.16719839
p_1274269,34.160091,-118.054728,63,1719.32743041
p_1274269,34.160094,-118.054975,64,1742.10600621
p_1274269,34.160089,-118.055282,65,1770.42025079
p_1274269,34.160087,-118.055395,66,1780.84246855
p_1274269,34.160084,-118.055594,67,1799.19549871
p_1274269,34.16008,-118.055828,68,1820.77746327
p_1274269,34.160068,-118.056559,69,1888.19694314
p_1274269,34.160619,-118.056564,70,1949.31851439
p_1274269,34.160605,-118.057957,71,2077.7771952
p_1274269,34.160603,-118.058161,72,2096.58945696
p_1274269,34.160598,-118.058681,73,2144.54215603
p_1274269,34.160593,-118.059174,74,2190.0053483
p_1274269,34.160592,-118.059334,75,2204.75945638
p_1274269,34.16059,-118.059512,76,2221.17443725
p_1274269,34.160588,-118.059795,77,2247.27097245
p_1274269,34.161397,-118.059808,78,2337.01754392
p_1274269,34.161523,-118.059809,79,2350.99443661
p_1274269,34.161688,-118.059812,80,2369.29920286
p_1274269,34.161838,-118.059814,81,2385.93902152
p_1274269,34.162147,-118.059813,82,2420.21506799
p_1274269,34.162282,-118.059812,83,2435.19026999
p_1274269,34.162364,-118.059813,84,2444.28661371
p_1274269,34.163041,-118.059818,85,2519.38447613
p_1274269,34.163679,-118.059835,86,2590.17220098
p_1274269,34.163714,-118.059836,87,2594.05568291
p_1274269,34.163942,-118.059842,88,2619.35271277
p_1274269,34.164291,-118.059852,89,2658.07664062
p_1274269,34.164926,-118.059857,90,2728.5157547
p_1274269,34.165038,-118.059858,91,2740.93973824
p_1274269,34.165772,-118.059865,92,2822.36152331
p_1274269,34.166598,-118.059854,93,2913.99151
p_1274269,34.166731,-118.059852,94,2928.74574066
p_1274269,34.166737,-118.059201,95,2988.77416429
p_1274269,34.16675,-118.057925,96,3106.43515473
p_1274269,34.16675,-118.05766,97,3130.8691816
p_1274269,34.166747,-118.057147,98,3178.17094088
p_1274269,34.166754,-118.05665,99,3224.00284443
p_1274269,34.166773,-118.055018,100,3374.49430315
p_1274269,34.165807,-118.055006,101,3481.6539453
p_1274269,34.165479,-118.055006,102,3518.03747041
p_1274269,34.165008,-118.055007,103,3570.28340302
p_1274269,34.164966,-118.055007,104,3574.94226854
p_1274269,34.164573,-118.054998,105,3618.54383511
p_1274269,34.164323,-118.054993,106,3646.27900711
p_1274269,34.164329,-118.054121,107,3726.68583875
p_1274269,34.164337,-118.052854,108,3843.51484812
p_1274269,34.164339,-118.052548,109,3871.73090849
p_1274269,34.163425,-118.052604,110,3973.24808405
p_1274269,34.163124,-118.052616,111,4006.65494043
p_1274269,34.162313,-118.052663,112,4096.71971011
p_1274269,34.161893,-118.052698,113,4143.41999166
p_1274269,34.161896,-118.052107,114,4197.91661765
p_1274269,34.161897,-118.051884,115,4218.47955767
p_1274269,34.161899,-118.051418,116,4261.44959431
p_1274269,34.1619,-118.051266,117,4275.46582382
p_1274269,34.1619,-118.051243,118,4277.58663422
p_1274269,34.161901,-118.050963,119,4303.40543377
p_1274269,34.161902,-118.050784,120,4319.91124369
p_1274269,34.161902,-118.050724,121,4325.44379243
p_1274269,34.161904,-118.050257,122,4368.50603446
p_1274269,34.161906,-118.049848,123,4406.22022625
p_1274269,34.161907,-118.049772,124,4413.2289988
p_1274269,34.161914,-118.049297,125,4457.03522081
p_1274269,34.161925,-118.048614,126,4520.02587337
p_1274269,34.161932,-118.048175,127,4560.51312215
p_1274269,34.16215,-118.048176,128,4584.69501689
p_1274269,34.163154,-118.048181,129,4696.06499978
p_1274269,34.163661,-118.048182,130,4752.30422324
p_1274269,34.164367,-118.048184,131,4830.61773884
p_1274269,34.164366,-118.048044,132,4843.52712072
p_1274269,34.164364,-118.047454,133,4897.92938921
p_1274269,34.164362,-118.046848,134,4953.80695057
p_1274269,34.164356,-118.045166,135,5108.89966884
p_1274269,34.164355,-118.044946,136,5129.18539736
p_1274269,34.164113,-118.044943,137,5156.0307587
p_1274269,34.163562,-118.044936,138,5217.15403386
p_1274269,34.162751,-118.044936,139,5307.11448169
p_1274269,34.161913,-118.044943,140,5400.07214204
p_1274269,34.161914,-118.044439,141,5446.54567757
p_1274269,34.161954,-118.041885,142,5682.08954132
p_1274269,34.161949,-118.041085,143,5755.85889984
p_1274269,34.161953,-118.040805,144,5781.68125803
p_1274269,34.161958,-118.040415,145,5817.64707887
p_1274324,34.161801,-118.067366,1,0
p_1274324,34.161813,-118.067306,2,5.69043068
p_1274324,34.161811,-118.067058,3,28.55939919
p_1274324,34.16181,-118.067022,4,31.88078484
p_1274324,34.16181,-118.066169,5,110.53527147
p_1274324,34.161812,-118.066045,6,121.97136987
p_1274324,34.161818,-118.065736,7,150.47179729
p_1274324,34.161823,-118.065464,8,175.55884065
p_1274324,34.161825,-118.065327,9,188.19345311
p_1274324,34.16183,-118.065019,10,216.59931002
p_1274324,34.16183,-118.064939,11,223.97604794
p_1274324,34.161832,-118.06466,12,249.70337768
p_1274324,34.161827,-118.06407,13,304.10964722
p_1274324,34.161826,-118.063922,14,317.75706374
p_1274324,34.161824,-118.063768,15,331.95901796
p_1274324,34.161824,-118.063725,16,335.92401487
p_1274324,34.161823,-118.063598,17,347.63511256
p_1274324,34.161821,-118.063374,18,368.29117208
p_1274324,34.161819,-118.063196,19,384.70591515
p_1274324,34.161817,-118.063009,20,401.95046959
p_1274324,34.161816,-118.062908,21,411.26426327
p_1274324,34.161819,-118.062423,22,455.98698159
p_1274324,34.16182,-118.062131,23,482.91230683
p_1274324,34.161821,-118.061958,24,498.86489003
p_1274324,34.161822,-118.061798,25,513.61878435
p_1274324,34.161823,-118.061658,26,526.52855342
p_1274324,34.161824,-118.061459,27,544.87852568
p_1274324,34.161828,-118.06125,28,564.15536149
p_1274324,34.161828,-118.061155,29,572.91523798
p_1274324,34.161829,-118.060674,30,617.26801422
p_1274324,34.16183,-118.060603,31,623.81580882
p_1274324,34.161839,-118.060086,32,671.49842721
p_1274324,34.161839,-118.060071,33,672.88156542
