shape_id,shape_pt_lat,shape_pt_lon,shape_pt_sequence,shape_dist_traveled
p_1276362,34.0508112743134,-117.943597459971,1,0
p_1276362,34.050312,-117.944148,2,75.17246996
p_1276362,34.050077,-117.944411,3,110.79754917
p_1276362,34.049645,-117.944894,4,176.25745475
p_1276362,34.049016,-117.945598,5,271.61531397
p_1276362,34.048775,-117.945867,6,308.10526376
p_1276362,34.048569,-117.946097,7,339.30005328
p_1276362,34.048537,-117.946133,8,344.16297094
p_1276362,34.048508,-117.946165,9,348.53074889
p_1276362,34.04823,-117.946476,10,390.66710671
p_1276362,34.048018,-117.946706,11,422.35273367
p_1276362,34.047706,-117.947046,12,469.07799869
p_1276362,34.047643,-117.947115,13,478.53442073
p_1276362,34.047402,-117.947377,14,514.5878109
p_1276362,34.047011,-117.947802,15,573.07679646
p_1276362,34.046846,-117.947981,16,597.73734872
p_1276362,34.046705,-117.948136,17,618.93740469
p_1276362,34.046474,-117.948389,18,653.61114928
p_1276362,34.046279,-117.948601,19,682.78366736
p_1276362,34.045813,-117.948929,20,742.69286113
p_1276362,34.045717,-117.949054,21,758.39664345
p_1276362,34.045621,-117.949094,22,769.66760531
p_1276362,34.045394,-117.949189,23,796.33137082
p_1276362,34.045322,-117.949212,24,804.59538332
p_1276362,34.045235,-117.94924,25,814.58602639
p_1276362,34.044982,-117.949273,26,842.81453473
p_1276362,34.044657,-117.949317,27,879.09278695
p_1276362,34.044128,-117.949367,28,937.95250033
p_1276362,34.043892,-117.949389,29,964.20907228
p_1276362,34.043584,-117.949421,30,998.5009494
p_1276362,34.043148,-117.94946,31,1046.99734154
p_1276362,34.042788,-117.949495,32,1087.06024749
p_1276362,34.042618,-117.949511,33,1105.97497256
p_1276362,34.042185,-117.949553,34,1154.16101985
p_1276362,34.04209,-117.949562,35,1164.73143839
p_1276362,34.041542,-117.949615,36,1225.7140143
p_1276362,34.041282,-117.94964,37,1254.64627351
p_1276362,34.041199,-117.949648,38,1263.8824826
p_1276362,34.040827,-117.949684,39,1305.27957314
p_1276362,34.040782,-117.94969,40,1310.301768
p_1276362,34.040343,-117.949732,41,1359.15121657
p_1276362,34.039954,-117.949769,42,1402.43536313
p_1276362,34.039617,-117.949799,43,1439.91895826
p_1276362,34.039393,-117.949823,44,1464.86437413
p_1276362,34.039128,-117.949848,45,1494.34950824
p_1276362,34.038869,-117.949873,46,1523.17119331
p_1276362,34.038634,-117.949896,47,1549.32450051
p_1276362,34.038495,-117.949909,48,1564.78947188
p_1276362,34.038271,-117.949931,49,1589.71915635
p_1276362,34.038119,-117.949946,50,1606.63626648
p_1276362,34.038039,-117.949954,51,1615.54080973
p_1276362,34.037902,-117.949968,52,1630.79216323
p_1276362,34.037856,-117.949972,53,1635.90797681
p_1276362,34.037708,-117.949987,54,1652.38292394
p_1276362,34.037556,-117.950002,55,1669.30003328
p_1276362,34.037384,-117.950019,56,1688.44327693
p_1276362,34.037302,-117.950027,57,1697.56891953
p_1276362,34.037206,-117.950036,58,1708.24991668
p_1276362,34.037092,-117.950044,59,1720.91670654
p_1276362,34.037082,-117.949904,60,1733.89245114
p_1276362,34.037077,-117.949789,61,1744.52655572
p_1276362,34.037065,-117.9496,62,1762.03037585
p_1276362,34.037061,-117.949545,63,1767.12867464
p_1276362,34.037039,-117.94921,64,1798.16023595
p_1276362,34.037022,-117.948954,65,1821.87556163
p_1276362,34.037018,-117.9489,66,1826.8818751
p_1276362,34.037013,-117.948818,67,1834.47442374
p_1276362,34.037006,-117.948703,68,1845.12241227
p_1276362,34.037,-117.948612,69,1853.55209451
p_1276362,34.036976,-117.948262,70,1885.98219948
p_1276362,34.036972,-117.948206,71,1891.17250415
p_1276362,34.036961,-117.948036,72,1906.9184573
p_1276362,34.036947,-117.947836,73,1925.45258169
p_1276362,34.036924,-117.947482,74,1958.24203603
p_1276362,34.036904,-117.94719,75,1985.29782464
p_1276362,34.036855,-117.946441,76,2054.67733848
p_1276362,34.03682,-117.945922,77,2102.76132038
p_1276362,34.036817,-117.945876,78,2107.02220045
p_1276362,34.036765,-117.945079,79,2180.84679109
p_1276362,34.03675,-117.944855,80,2201.59887419
p_1276362,34.036729,-117.944532,81,2231.51712597
p_1276362,34.036709,-117.944236,82,2258.94112904
p_1276362,34.036699,-117.944079,83,2273.48166987
p_1276362,34.036686,-117.943889,84,2291.08638475
p_1276362,34.036666,-117.943588,85,2318.97063866
p_1276362,34.036659,-117.943475,86,2329.43448051
p_1276362,34.036652,-117.943366,87,2339.52999844
p_1276362,34.036568,-117.943371,88,2348.8589677
p_1276362,34.036252,-117.94339,89,2383.95453561
p_1276362,34.036212,-117.943393,90,2388.40009776
p_1276362,34.035989,-117.943412,91,2413.19808491
p_1276362,34.03588,-117.943421,92,2425.31722757
p_1276362,34.03582,-117.943428,93,2432.00392861
p_1276362,34.03549,-117.943463,94,2468.75094633
p_1276362,34.035318,-117.943482,95,2487.91021714
p_1276362,34.035159,-117.943499,96,2505.61670993
p_1276362,34.034776,-117.943535,97,2548.23010384
p_1276362,34.03466,-117.943546,98,2561.13720912
p_1276362,34.034627,-117.943549,99,2564.80813749
p_1276362,34.034588,-117.943553,100,2569.14987703
p_1276362,34.034403,-117.943569,101,2589.7237594
p_1276362,34.034224,-117.943585,102,2609.63387928
p_1276362,34.03376,-117.943625,103,2661.23453881
p_1276362,34.033369,-117.94366,104,2704.72570098
p_1276362,34.032277,-117.943756,105,2826.1776011
p_1276362,34.032023,-117.943778,106,2854.42519408
p_1276362,34.03156,-117.943818,107,2905.91520429
p_1276362,34.031445,-117.943831,108,2918.72771555
p_1276362,34.030994,-117.94388,109,2968.95821574
p_1276362,34.030653,-117.943918,110,3006.94538818
p_1276362,34.03035,-117.943951,111,3040.69292856
p_1276362,34.029221,-117.944058,112,3166.31417495
p_1276362,34.029057,-117.944074,113,3184.56544743
p_1276362,34.028703,-117.944108,114,3223.9575048
p_1276362,34.028116,-117.944149,115,3289.1792544
p_1276362,34.02811,-117.944623,116,3332.96027068
p_1276362,34.028075,-117.947663,117,3613.74437424
p_1276362,34.028071,-117.948631,118,3703.14451884
p_1276362,34.028069,-117.949089,119,3745.4434099
p_1276362,34.027875,-117.949091,120,3766.96324353
p_1276362,34.027675,-117.949092,121,3789.14801332
p_1276362,34.027539,-117.949093,122,3804.23380834
p_1276362,34.027214,-117.949096,123,3840.28480922
p_1276362,34.027074,-117.949097,124,3855.81428654
p_1276362,34.026578,-117.949093,125,3910.83327062
p_1276362,34.026108,-117.949089,126,3962.96832459
p_1276362,34.025619,-117.949094,127,4017.21156549
p_1276362,34.025151,-117.949074,128,4069.15630924
p_1276362,34.024653,-117.949083,129,4124.40213506
p_1276362,34.024166,-117.949091,130,4178.42660459
p_1276362,34.023667,-117.949084,131,4233.78086641
p_1276362,34.023358,-117.949079,132,4268.05912573
p_1276362,34.023121,-117.949076,133,4294.34929085
p_1276362,34.022401,-117.949067,134,4374.21803054
p_1276362,34.021611,-117.949057,135,4461.85189682
p_1276362,34.0207,-117.949071,136,4562.91081146
p_1276362,34.02055,-117.949073,137,4579.55025065
p_1276362,34.020095,-117.94908,138,4630.02424436
p_1276362,34.020095,-117.948327,139,4699.57360298
p_1276362,34.020094,-117.948211,140,4710.28828824
p_1276362,34.020094,-117.948085,141,4721.92602966
p_1276362,34.020095,-117.947866,142,4742.15383662
p_1276362,34.020102,-117.947026,143,4819.74266058
p_1276362,34.020109,-117.946165,144,4899.27100672
p_1276362,34.020108,-117.945463,145,4964.10993563
p_1276362,34.020108,-117.945302,146,4978.98038056
p_1276362,34.020104,-117.944686,147,5035.87772727
p_1276362,34.020077,-117.944372,148,5065.03394504
p_1276362,34.019948,-117.944009,149,5101.48751235
p_1276362,34.019811,-117.943797,150,5126.27353772
p_1276362,34.019584,-117.94349,151,5164.19509241
p_1276362,34.019297,-117.94329,152,5201.00132151
p_1276362,34.018813,-117.942953,153,5263.05874518
p_1276362,34.018187,-117.942259,154,5357.56027686
p_1276362,34.017909,-117.941834,155,5407.478846
p_1276362,34.017526,-117.941286,156,5473.56102061
p_1276362,34.017206,-117.940702,157,5538.13364919
p_1276362,34.017181,-117.940601,158,5547.86606037
p_1276362,34.017089,-117.940244,159,5582.38378822
p_1276362,34.017033,-117.939931,160,5611.95422732
p_1276362,34.01702,-117.939764,161,5627.44666222
p_1276362,34.017026,-117.939329,162,5667.63153756
p_1276362,34.017106,-117.938854,163,5712.39393363
p_1276362,34.017194,-117.938458,164,5750.25102636
p_1276362,34.017289,-117.937985,165,5795.19305628
p_1276362,34.017329,-117.937789,166,5813.83257662
p_1276362,34.017376,-117.937427,167,5847.67305691
p_1276362,34.017275,-117.93698,168,5890.45364307
p_1276362,34.016638,-117.934772,169,6106.29179719
p_1276362,34.016151,-117.933363,170,6247.20258485
p_1276362,34.015977,-117.932799,171,6302.75815947
p_1276362,34.015697,-117.93189,172,6392.28060989
p_1276362,34.015606,-117.931594,173,6421.42528041
p_1276362,34.015474,-117.931069,174,6472.08068936
p_1276362,34.015033,-117.930457,175,6546.83651468
p_1276362,34.01481,-117.929256,176,6660.49552393
p_1276362,34.014675,-117.928835,177,6702.16634719
p_1276362,34.01432,-117.928374,178,6760.16488284
p_1276362,34.01401,-117.928032,179,6806.85908595
p_1276362,34.013828,-117.927626,180,6849.44969454
p_1276362,34.013701,-117.927343,181,6879.1445336
p_1276362,34.01324,-117.927548,182,6933.67333484
p_1276362,34.013147,-117.927567,183,6944.13736739
p_1276362,34.013004,-117.927598,184,6960.25569711
p_1276362,34.012399,-117.927726,185,7028.39748389
p_1276362,34.012096,-117.92779,186,7062.52300169
p_1276362,34.011917,-117.927828,187,7082.68603264
p_1276362,34.011834,-117.927254,188,7136.50089199
p_1276362,34.011753,-117.926702,189,7188.27578484
p_1276362,34.011744,-117.926641,190,7193.99823262
p_1276362,34.011645,-117.926021,191,7252.31225132
p_1276362,34.011598,-117.92573,192,7279.69345413
p_1276362,34.011511,-117.925188,193,7330.68079857
p_1276362,34.011501,-117.925122,194,7336.87745836
p_1276362,34.011446,-117.924782,195,7368.87111095
p_1276362,34.01144,-117.924745,196,7372.35308576
p_1276362,34.011423,-117.924642,197,7382.05250918
p_1276362,34.011357,-117.924227,198,7421.0798659
p_1276362,34.01097,-117.924477,199,7469.82435898
p_1276362,34.01041,-117.924837,200,7540.28235857
p_1276362,34.010072,-117.925055,201,7582.8400228
p_1276362,34.009465,-117.925446,202,7659.24591936
p_1276362,34.009149,-117.925645,203,7698.82531207
p_1276362,34.009217,-117.926065,204,7738.34914968
p_1276362,34.009303,-117.926595,205,7788.22846161
p_1276362,34.009356,-117.926923,206,7819.0924301
p_1276362,34.009415,-117.927288,207,7853.43843406
p_1276362,34.009476,-117.927665,208,7888.91487221
p_1276362,34.009567,-117.928235,209,7942.52712719
p_1276362,34.009608,-117.928484,210,7965.97364409
p_1276362,34.010105,-117.928321,211,8023.12139783
p_1276362,34.010173,-117.928716,212,8060.38051436
p_1276362,34.010195,-117.928846,213,8072.63454436
p_1276362,34.010278,-117.929327,214,8118.01010492
p_1276362,34.010428,-117.930271,215,8206.78392067
p_1276362,34.010592,-117.931142,216,8289.27204409
p_1276362,34.010671,-117.931752,217,8346.29704895
p_1276362,34.010701,-117.93198,218,8367.61941013
p_1276362,34.010801,-117.932522,219,8418.89968971
p_1276362,34.010865,-117.932974,220,8461.25152395
p_1276362,34.011627,-117.93769,221,8905.00479245
p_1276362,34.011649,-117.937823,222,8917.53030943
p_1276362,34.011893,-117.938739,223,9006.36636393
p_1276362,34.012285,-117.939669,224,9102.64948992
p_1276362,34.012662,-117.940387,225,9181.05494236
p_1276362,34.012926,-117.940692,226,9221.69055534
p_1276362,34.013026,-117.94083,227,9238.58814114
p_1276362,34.013179,-117.940989,228,9261.03198415
p_1276362,34.013273,-117.941087,229,9274.83998428
p_1276362,34.013797,-117.941605,230,9350.12438816
p_1276362,34.014307,-117.942158,231,9426.34401286
p_1276362,34.01479,-117.942801,232,9506.3309608
p_1276362,34.01517,-117.943435,233,9578.48456896
p_1276362,34.015502,-117.944086,234,9648.99696321
p_1276362,34.015559,-117.944197,235,9661.04254301
p_1276362,34.015778,-117.944579,236,9703.88062021
p_1276362,34.015994,-117.944818,237,9736.45961965
p_1276362,34.016266,-117.945023,238,9772.08030097
p_1276362,34.016456,-117.945184,239,9797.87406447
p_1276362,34.016589,-117.945358,240,9819.69026704
p_1276362,34.016764,-117.945591,241,9848.67263913
p_1276362,34.017443,-117.946664,242,9973.15224087
p_1276362,34.017507,-117.946765,243,9984.8751203
p_1276362,34.018085,-117.946197,244,10067.71803875
p_1276362,34.018651,-117.945661,245,10147.67185595
p_1276362,34.019204,-117.945174,246,10223.73732609
p_1276362,34.019361,-117.945287,247,10244.04031048
p_1276362,34.019595,-117.94532,248,10270.17458171
p_1276362,34.020108,-117.945302,249,10327.10223162
p_1276362,34.020108,-117.945683,250,10362.29253919
p_1276362,34.020109,-117.946165,251,10406.81164889
p_1276362,34.020102,-117.947026,252,10486.33999503
p_1276362,34.020095,-117.947866,253,10563.92881899
p_1276362,34.020094,-117.948085,254,10584.15662595
p_1276362,34.020094,-117.948211,255,10595.79436737
p_1276362,34.020095,-117.948407,256,10613.89786041
p_1276362,34.020095,-117.948749,257,10645.48601532
p_1276362,34.020095,-117.94908,258,10676.05817694
p_1276362,34.019901,-117.949073,259,10697.58690044
p_1276362,34.019279,-117.949053,260,10766.60557001
p_1276362,34.019124,-117.949047,261,10783.80752281
p_1276362,34.01866,-117.949031,262,10835.2968807
p_1276362,34.018615,-117.949036,263,10840.30972197
p_1276362,34.018365,-117.949024,264,10868.06254369
p_1276362,34.018177,-117.949026,265,10888.91683251
p_1276362,34.018426,-117.94933,266,10928.30310429
p_1276362,34.018873,-117.949874,267,10998.8942831
p_1276362,34.019127,-117.950192,268,11039.59439469
p_1276362,34.019334,-117.950451,269,11072.75284175
p_1276362,34.020102,-117.951415,270,11195.98001701
p_1276362,34.020106,-117.952633,271,11308.47904583
p_1276362,34.02011,-117.953609,272,11398.62643742
p_1276362,34.020111,-117.953845,273,11420.42438983
p_1276362,34.02013,-117.954097,274,11443.79508637
p_1276362,34.020424,-117.953996,275,11477.71439964
p_1276362,34.020564,-117.953922,276,11494.68114775
p_1276362,34.020756,-117.953819,277,11518.00651725
p_1276362,34.020786,-117.953803,278,11521.6475825
p_1276362,34.020839,-117.953775,279,11528.07017355
p_1276362,34.021131,-117.953639,280,11562.81007949
p_1276362,34.021587,-117.953378,281,11618.84162296
p_1276362,34.021779,-117.953292,282,11641.5718229
p_1276362,34.022014,-117.953186,283,11669.41657686
p_1276362,34.022078,-117.953156,284,11677.03721408
p_1276362,34.02233,-117.953044,285,11706.84243676
p_1276362,34.022782,-117.952802,286,11761.73602041
p_1276362,34.02306,-117.952653,287,11795.50397406
p_1276362,34.023136,-117.952612,288,11804.74554449
p_1276362,34.023442,-117.952464,289,11841.33697168
p_1276362,34.023872,-117.952256,290,11892.7571712
p_1276362,34.024188,-117.952104,291,11930.51555871
p_1276362,34.024656,-117.951871,292,11986.71104063
p_1276362,34.02515,-117.951626,293,12045.99510095
p_1276362,34.025573,-117.95142,294,12096.62606221
p_1276362,34.025631,-117.951392,295,12103.5598657
p_1276362,34.02616,-117.951123,296,12167.28076087
p_1276362,34.026342,-117.951062,297,12188.24007273
p_1276362,34.026577,-117.950997,298,12214.98927202
p_1276362,34.027066,-117.950906,299,12269.87779842
p_1276362,34.027543,-117.950848,300,12323.05847042
p_1276362,34.027674,-117.950832,301,12337.66430921
p_1276362,34.028075,-117.950783,302,12382.37399971
p_1276362,34.028159,-117.950898,303,12396.50257142
p_1276362,34.028208,-117.951008,304,12408.024129
p_1276362,34.028313,-117.951172,305,12427.13052285
p_1276362,34.028408,-117.951308,306,12443.52564609
p_1276362,34.028419,-117.951325,307,12445.51404443
p_1276362,34.028436,-117.951424,308,12454.84952053
p_1276362,34.028603,-117.951642,309,12482.20800965
p_1276362,34.028875,-117.951991,310,12526.35725681
p_1276362,34.029156,-117.952354,311,12572.13284355
p_1276362,34.029663,-117.953083,312,12659.85626262
p_1276362,34.029954,-117.953479,313,12708.63522784
p_1276362,34.029977,-117.953511,314,12712.53938067
p_1276362,34.030101,-117.953679,315,12733.2735427
p_1276362,34.030224,-117.953846,316,12753.86501027
p_1276362,34.030301,-117.953951,317,12766.78711778
p_1276362,34.030557,-117.954297,318,12809.53509238
p_1276362,34.03159,-117.955691,319,12981.87979131
p_1276362,34.031741,-117.955894,320,13007.01934003
p_1276362,34.032214,-117.956545,321,13086.813754
p_1276362,34.032524,-117.956973,322,13139.20349561
p_1276362,34.032664,-117.95717,323,13163.12286657
p_1276362,34.03283,-117.957394,324,13190.81704109
p_1276362,34.033443,-117.958223,325,13293.21058501
p_1276362,34.03372,-117.958577,326,13338.07471757
p_1276362,34.033853,-117.95877,327,13361.21149329
p_1276362,34.03398,-117.958954,328,13383.2836312
p_1276362,34.034067,-117.959073,329,13397.90879176
p_1276362,34.034402,-117.959532,330,13454.27824356
p_1276362,34.034814,-117.960097,331,13523.63870965
p_1276362,34.035446,-117.960963,332,13629.98740176
p_1276362,34.035725,-117.961319,333,13675.13750943
p_1276362,34.0358132210054,-117.961436852854,334,13689.77327918
p_1276362,34.0358957028641,-117.961540713511,335,13703.02832139
p_1276362,34.035899,-117.96155,336,13703.96062078
p_1276362,34.036207,-117.961958,337,13754.82082144
p_1276362,34.036685,-117.962621,338,13835.81306032
p_1276362,34.036947,-117.962977,339,13879.69178197
p_1276362,34.037177,-117.963333,340,13921.30455715
p_1276362,34.037297,-117.963486,341,13940.71580975
p_1276362,34.037468,-117.963696,342,13967.8421895
p_1276362,34.037852,-117.964197,343,14030.72841347
p_1276362,34.038201,-117.964687,344,14090.27709236
p_1276362,34.038315,-117.964848,345,14109.79472155
p_1276362,34.038407,-117.964975,346,14125.34068087
p_1276362,34.038701,-117.96538,347,14174.96106168
p_1276362,34.038908,-117.965665,348,14209.88715106
p_1276362,34.039167,-117.966024,349,14253.75452098
p_1276362,34.039615,-117.966627,350,14328.38673302
p_1276362,34.040091,-117.967266,351,14407.56702942
p_1276362,34.040404,-117.96766,352,14457.85704437
p_1276362,34.040701,-117.968034,353,14505.58562729
p_1276362,34.041008,-117.968469,354,14558.24598107
p_1276362,34.041069,-117.968546,355,14568.06117277
p_1276362,34.041088,-117.968582,356,14571.9972068
p_1276362,34.041441,-117.969081,357,14632.46485679
p_1276362,34.041949,-117.969759,358,14716.69519039
p_1276362,34.0423,-117.970228,359,14774.93057626
p_1276362,34.0424560063072,-117.970439580756,360,14801.02947488
p_1276362,34.0425606127927,-117.970598452717,361,14819.73364886
p_1276362,34.0434055577831,-117.971756836557,362,14961.94929396
p_1276362,34.04341,-117.971761,363,14962.57426906
p_1276362,34.043906,-117.972449,364,15046.61473905
p_1276362,34.044163,-117.972804,365,15090.05631201
p_1276362,34.043924,-117.973058,366,15125.45244526
p_1276362,34.043761,-117.973232,367,15149.64009084
p_1276362,34.043507,-117.973502,368,15187.26140089
p_1276362,34.043348,-117.973673,369,15210.93358929
p_1276362,34.043184,-117.973848,370,15235.26555793
p_1276362,34.043095,-117.973942,371,15248.41082757
p_1276362,34.04272,-117.974343,372,15304.1000582
p_1276362,34.04253,-117.974543,373,15332.12200084
p_1276362,34.042301,-117.974785,374,15365.95356793
p_1276362,34.042191,-117.974902,375,15382.25071296
p_1276362,34.041896,-117.975227,376,15426.6507822
p_1276362,34.041385,-117.975752,377,15501.23607975
p_1276362,34.041229,-117.975917,378,15524.29183131
p_1276362,34.0406,-117.976581,379,15617.17540576
p_1276362,34.040419,-117.976772,380,15643.89912347
p_1276362,34.040704,-117.977169,381,15692.30669522
p_1276362,34.040959,-117.977525,382,15735.67388916
p_1276362,34.041032,-117.977626,383,15748.02496334
p_1276362,34.04108,-117.977691,384,15756.04828743
p_1276362,34.04121,-117.977872,385,15778.12271483
p_1276362,34.041322,-117.978026,386,15797.00550233
p_1276362,34.041722,-117.97858,387,15864.72251057
p_1276362,34.041894,-117.978818,388,15893.82542542
p_1276362,34.042148,-117.979127,389,15933.92435192
p_1276362,34.042332,-117.979378,390,15964.8070364
p_1276362,34.042836,-117.980071,391,16049.77884258
p_1276362,34.04315,-117.980497,392,16102.31880149
p_1276362,34.043328,-117.98074,393,16132.20705397
p_1276362,34.043394,-117.980831,394,16143.35165212
p_1276362,34.043449,-117.980906,395,16152.58093506
p_1276362,34.043471,-117.980937,396,16156.34242954
p_1276362,34.043899,-117.981521,397,16228.18810618
p_1276362,34.044385,-117.981004,398,16300.19561624
p_1276362,34.044507,-117.980874,399,16318.28490553
p_1276362,34.044595,-117.980781,400,16331.28580911
p_1276362,34.045069,-117.980276,401,16401.56198631
p_1276362,34.046242,-117.979028,402,16575.36751576
p_1276362,34.046584,-117.978659,403,16626.3575463
p_1276362,34.04668,-117.978556,404,16640.63485698
p_1276362,34.047661,-117.977503,405,16786.55955756
p_1276362,34.047884,-117.977833,406,16825.80594488
p_1276362,34.048161,-117.978197,407,16871.3432326
p_1276362,34.04831,-117.978403,408,16896.5412468
p_1276362,34.048452,-117.978601,409,16920.67259249
p_1276362,34.048715,-117.978966,410,16965.24642721
p_1276362,34.048957,-117.978736,411,16999.4743637
p_1276362,34.049331,-117.978379,412,17052.46066271
p_1276362,34.049805,-117.977928,413,17119.53083068
p_1276362,34.050475,-117.977291,414,17214.30636382
p_1276362,34.050841,-117.976943,415,17266.08068778
p_1276362,34.050886,-117.9769,416,17272.45860752
p_1276362,34.051057,-117.976737,417,17296.67171852
p_1276362,34.051432,-117.976408,418,17348.17869689
p_1276362,34.051881,-117.975965,419,17412.62589893
p_1276362,34.052017,-117.975836,420,17431.84650205
p_1276362,34.052251,-117.975609,421,17465.20780901
p_1276362,34.052573,-117.975304,422,17510.69093165
p_1276362,34.052704,-117.975195,423,17528.36654474
p_1276362,34.05285,-117.975089,424,17547.28880187
p_1276362,34.053124,-117.974962,425,17579.86522565
p_1276362,34.053539,-117.974805,426,17628.12669571
p_1276362,34.053623,-117.974753,427,17638.6084163
p_1276362,34.05365,-117.974864,428,17649.28532936
p_1276362,34.053704,-117.975211,429,17681.87780957
p_1276362,34.053724,-117.975339,430,17693.90203905
p_1276362,34.053746,-117.975479,431,17707.05610214
p_1276362,34.053798,-117.975916,432,17747.81301305
p_1276362,34.053827,-117.976137,433,17768.46917827
p_1276362,34.05385,-117.976312,434,17784.82649111
p_1276362,34.053886,-117.976506,435,17803.17755692
p_1276362,34.053927,-117.976732,436,17824.53319079
p_1276362,34.053954,-117.976824,437,17833.53974717
p_1276362,34.054019,-117.977033,438,17854.13896022
p_1276362,34.054052,-117.977114,439,17862.46517807
p_1276362,34.054126,-117.977298,440,17881.33233069
p_1276362,34.054156,-117.977372,441,17888.93178109
p_1276362,34.054237,-117.977538,442,17906.69738551
p_1276362,34.054333077862,-117.977733186464,443,17927.63362591
p_1276362,34.0543650903993,-117.977767532096,444,17932.39433508
p_1276362,34.054365,-117.977765,445,17932.62832803
p_1276362,34.054407,-117.977835,446,17940.59527019
p_1276362,34.054491,-117.977969,447,17956.08316484
p_1276362,34.05469,-117.977778,448,17984.3358716
p_1276362,34.054837,-117.977638,449,18005.14325591
p_1276362,34.05498,-117.977501,450,18025.43095264
p_1276362,34.055214,-117.977277,451,18058.61851086
p_1276362,34.055625,-117.976877,452,18117.2889553
p_1276362,34.05548,-117.97666,453,18142.98078873
p_1276362,34.055298,-117.976394,454,18174.77186003
p_1276362,34.055173,-117.976211,455,18196.62836249
p_1276362,34.055004,-117.975964,456,18226.14870457
p_1276362,34.054928,-117.975853,457,18239.41865052
p_1276362,34.054814,-117.975687,458,18259.28795372
p_1276362,34.054748,-117.975596,459,18270.43171151
p_1276362,34.054341,-117.974996,460,18341.89356587
p_1276362,34.05425,-117.974862,461,18357.86065139
p_1276362,34.054049,-117.974569,462,18392.91603902
p_1276362,34.053899,-117.97463,463,18410.48186315
p_1276362,34.053623,-117.974753,464,18443.13506084
p_1276362,34.053539,-117.974805,465,18453.61678143
p_1276362,34.053497,-117.974664,466,18467.4433734
p_1276362,34.053478,-117.974603,467,18473.45673008
p_1276362,34.053446,-117.974502,468,18483.43446368
p_1276362,34.05342,-117.974431,469,18490.59604693
p_1276362,34.053399,-117.974378,470,18496.01552195
p_1276362,34.053375,-117.97431,471,18502.83485499
p_1276362,34.053356,-117.974261,472,18507.82569788
p_1276362,34.053325,-117.974189,473,18515.30994641
p_1276362,34.053282,-117.974103,474,18524.57254161
p_1276362,34.053249,-117.974033,475,18532.00006245
p_1276362,34.053208,-117.973957,476,18540.36184145
p_1276362,34.053178,-117.973903,477,18546.35604384
p_1276362,34.053136,-117.973835,478,18554.17401379
p_1276362,34.053099,-117.973775,479,18561.06833837
p_1276362,34.05306,-117.973714,480,18568.16998526
p_1276362,34.052929,-117.97353,481,18590.52505053
p_1276362,34.052619,-117.973112,482,18642.21478289
p_1276362,34.052545,-117.973012,483,18654.56876603
p_1276362,34.052387,-117.972798,484,18680.97979452
p_1276362,34.052276,-117.972646,485,18699.64920596
p_1276362,34.052108,-117.972417,486,18727.83255631
p_1276362,34.050807,-117.970653,487,18945.4373766
p_1276362,34.050532,-117.970281,488,18991.37413392
p_1276362,34.050348,-117.970031,489,19022.18593291
p_1276362,34.049379,-117.968712,490,19184.61858194
p_1276362,34.049058,-117.968275,491,19238.43162445
p_1276362,34.048997,-117.968192,492,19248.65477266
p_1276362,34.048781,-117.967898,493,19284.86161408
p_1276362,34.0486599183754,-117.967728614768,494,19305.47678121
p_1276362,34.048630379096,-117.9676662251,495,19312.10401388
p_1276362,34.0486451487366,-117.96767513791,496,19313.93738343
p_1276362,34.048553,-117.967588,497,19326.94545655
p_1276362,34.048449,-117.967446,498,19344.40921209
p_1276362,34.048275,-117.96721,499,19373.51829165
p_1276362,34.048226,-117.967143,500,19381.75308822
p_1276362,34.048214,-117.967126,501,19383.81114149
p_1276362,34.047286,-117.965869,502,19538.94501955
p_1276362,34.047051,-117.965551,503,19578.20849091
p_1276362,34.046877,-117.965314,504,19607.38701922
p_1276362,34.045769,-117.963809,505,19792.90253962
p_1276362,34.045705,-117.963722,506,19803.62302349
p_1276362,34.04559,-117.963566,507,19822.86371181
p_1276362,34.045465,-117.963396,508,19843.80759145
p_1276362,34.045405,-117.963314,509,19853.88837089
p_1276362,34.045392,-117.963297,510,19856.01988298
p_1276362,34.045295,-117.963164,511,19872.34722671
p_1276362,34.045213,-117.963048,512,19886.39913882
p_1276362,34.044985,-117.962738,513,19924.59534602
p_1276362,34.044823,-117.962519,514,19951.64749498
p_1276362,34.044812,-117.962504,515,19953.49333472
p_1276362,34.043467,-117.960676,516,20178.76848532
p_1276362,34.043227,-117.960351,517,20218.88450871
p_1276362,34.043085,-117.960158,518,20242.66882034
p_1276362,34.042084,-117.958799,519,20410.22736109
p_1276362,34.04181,-117.958427,520,20456.09314099
p_1276362,34.041645,-117.958204,521,20483.64298887
p_1276362,34.041103,-117.957464,522,20574.65760177
p_1276362,34.040659,-117.956858,523,20649.20212521
p_1276362,34.040118,-117.956121,524,20739.93612598
p_1276362,34.039832,-117.955732,525,20787.86022635
p_1276362,34.039119,-117.954767,526,20907.00526827
p_1276362,34.038906,-117.954478,527,20942.64811612
p_1276362,34.038653,-117.954138,528,20984.75874954
p_1276362,34.038625,-117.954101,529,20989.37611271
p_1276362,34.038464,-117.953885,530,21016.14880266
p_1276362,34.038436,-117.953847,531,21020.83491384
p_1276362,34.038413,-117.953816,532,21024.66942506
p_1276362,34.038314,-117.953683,533,21041.14455002
p_1276362,34.038253,-117.953602,534,21051.23070204
p_1276362,34.038126,-117.953432,535,21072.32310018
p_1276362,34.038088,-117.953381,536,21078.64342003
p_1276362,34.038051,-117.953327,537,21085.10173073
p_1276362,34.03801,-117.953263,538,21092.5590014
p_1276362,34.037966,-117.953198,539,21100.29517939
p_1276362,34.037924,-117.953131,540,21108.04007658
p_1276362,34.037886,-117.953067,541,21115.2992058
p_1276362,34.037852,-117.953006,542,21122.07812096
p_1276362,34.037777,-117.952874,543,21136.83585479
p_1276362,34.037742,-117.9528,544,21144.69513712
p_1276362,34.037705,-117.952732,545,21152.1967888
p_1276362,34.037625,-117.952563,546,21170.14940877
p_1276362,34.037579,-117.952452,547,21181.59936576
p_1276362,34.037529,-117.952338,548,21193.49820432
p_1276362,34.037463,-117.952161,549,21211.40776245
p_1276362,34.037411,-117.952008,550,21226.66846644
p_1276362,34.037373,-117.951893,551,21238.09399153
p_1276362,34.037361,-117.95186,552,21241.41937611
p_1276362,34.037336,-117.951769,553,21250.26844285
p_1276362,34.03732,-117.951715,554,21255.56145115
p_1276362,34.037301,-117.951644,555,21262.44830543
p_1276362,34.037278,-117.951549,556,21271.58446183
p_1276362,34.037268,-117.951505,557,21275.7963041
p_1276362,34.03725,-117.951419,558,21283.98506571
p_1276362,34.037233,-117.951346,559,21290.98498485
p_1276362,34.037232,-117.95134,560,21291.55004582
p_1276362,34.037218,-117.951269,561,21298.28790159
p_1276362,34.037213,-117.95124,562,21301.02271928
p_1276362,34.037205,-117.951195,563,21305.27191292
p_1276362,34.037192,-117.951114,564,21312.88954578
p_1276362,34.037191,-117.951106,565,21313.63658286
p_1276362,34.037181,-117.95104,566,21319.83143714
p_1276362,34.03718,-117.951029,567,21320.8532652
p_1276362,34.037171,-117.950963,568,21327.02922295
p_1276362,34.03715,-117.950733,569,21348.39582075
p_1276362,34.03713,-117.950513,570,21368.83239159
p_1276362,34.037105,-117.950229,571,21395.20445608
p_1276362,34.037099,-117.95014,572,21403.4500288
p_1276362,34.037092,-117.950044,573,21412.34904997
p_1276362,34.037082,-117.949904,574,21425.32479457
p_1276362,34.037196,-117.949895,575,21437.99730548
p_1276362,34.037287,-117.949887,576,21448.11830161
p_1276362,34.037411,-117.949874,577,21461.92504998
p_1276362,34.037544,-117.94986,578,21476.73435536
p_1276362,34.037622,-117.949852,579,21485.41783642
p_1276362,34.037739,-117.949841,580,21498.43552707
p_1276362,34.037895,-117.949826,581,21515.79487716
p_1276362,34.038065,-117.949806,582,21534.74202622
p_1276362,34.038485,-117.949769,583,21581.45483986
p_1276362,34.038754,-117.949743,584,21611.38958752
p_1276362,34.039229,-117.949697,585,21664.2490058
p_1276362,34.039392,-117.94968,586,21682.39749142
p_1276362,34.039569,-117.949662,587,21702.10111319
p_1276362,34.039608,-117.949658,588,21706.44285439
p_1276362,34.039873,-117.949633,589,21735.92798978
p_1276362,34.040294,-117.949594,590,21782.7652767
p_1276362,34.040769,-117.949549,591,21835.61736179
p_1276362,34.040817,-117.949544,592,21840.96165273
p_1276362,34.041148,-117.949511,593,21877.80344418
p_1276362,34.041702,-117.949458,594,21939.44943331
p_1276362,34.04174,-117.949454,595,21943.68066472
p_1276362,34.04183,-117.949445,596,21953.69827888
p_1276362,34.041925,-117.949436,597,21964.26869717
p_1276362,34.042092,-117.94942,598,21982.85168649
p_1276362,34.042746,-117.949357,599,22055.62830348
p_1276362,34.04311,-117.949323,600,22096.12620881
p_1276362,34.043182,-117.949316,601,22104.13879012
p_1276362,34.043575,-117.949278,602,22147.87258303
p_1276362,34.043945,-117.949243,603,22189.04120572
p_1276362,34.04423,-117.949216,604,22220.75246686
p_1276362,34.044624,-117.949177,605,22264.60431639
p_1276362,34.044894,-117.949142,606,22294.72744156
p_1276362,34.045217,-117.949101,607,22330.75509139
p_1276362,34.045367,-117.949063,608,22347.75951487
p_1276362,34.045681,-117.948942,609,22384.33748475
p_1276362,34.045813,-117.948929,610,22399.02846982
p_1276362,34.046043,-117.948767,611,22428.6026053
p_1276362,34.046279,-117.948601,612,22458.93766626
p_1276362,34.046474,-117.948389,613,22488.11018434
p_1276362,34.046705,-117.948136,614,22522.78392893
p_1276362,34.046846,-117.947981,615,22543.9839849
p_1276362,34.047011,-117.947802,616,22568.64453716
p_1276362,34.047402,-117.947377,617,22627.13352272
p_1276362,34.047643,-117.947115,618,22663.18691289
p_1276362,34.047706,-117.947046,619,22672.64333493
p_1276362,34.04823,-117.946476,620,22751.05418046
p_1276362,34.048508,-117.946165,621,22793.19053828
p_1276362,34.048537,-117.946133,622,22797.55831623
p_1276362,34.048569,-117.946097,623,22802.42123389
p_1276362,34.048775,-117.945867,624,22833.61602341
p_1276362,34.049016,-117.945598,625,22870.1059732
p_1276362,34.049645,-117.944894,626,22965.46383242
p_1276362,34.050077,-117.944411,627,23030.923738
p_1276362,34.050199965225,-117.944292187082,628,23048.42755704
p_1276362,34.050602,-117.943824,629,23110.53519604
p_1276362,34.0508157401406,-117.943595547889,630,23142.26874209
p_1276449,34.0508112743134,-117.943597459971,1,0
p_1276449,34.050312,-117.944148,2,75.17246996
p_1276449,34.050077,-117.944411,3,110.79754917
p_1276449,34.049645,-117.944894,4,176.25745475
p_1276449,34.049016,-117.945598,5,271.61531397
p_1276449,34.048775,-117.945867,6,308.10526376
p_1276449,34.048569,-117.946097,7,339.30005328
p_1276449,34.048537,-117.946133,8,344.16297094
p_1276449,34.048508,-117.946165,9,348.53074889
p_1276449,34.04823,-117.946476,10,390.66710671
p_1276449,34.048018,-117.946706,11,422.35273367
p_1276449,34.047706,-117.947046,12,469.07799869
p_1276449,34.047643,-117.947115,13,478.53442073
p_1276449,34.047402,-117.947377,14,514.5878109
p_1276449,34.047011,-117.947802,15,573.07679646
p_1276449,34.046846,-117.947981,16,597.73734872
p_1276449,34.046705,-117.948136,17,618.93740469
p_1276449,34.046474,-117.948389,18,653.61114928
p_1276449,34.046279,-117.948601,19,682.78366736
p_1276449,34.045813,-117.948929,20,742.69286113
p_1276449,34.045717,-117.949054,21,758.39664345
p_1276449,34.045621,-117.949094,22,769.66760531
p_1276449,34.045394,-117.949189,23,796.33137082
p_1276449,34.045322,-117.949212,24,804.59538332
p_1276449,34.045235,-117.94924,25,814.58602639
p_1276449,34.044982,-117.949273,26,842.81453473
p_1276449,34.044657,-117.949317,27,879.09278695
p_1276449,34.044128,-117.949367,28,937.95250033
p_1276449,34.043892,-117.949389,29,964.20907228
p_1276449,34.043584,-117.949421,30,998.5009494
p_1276449,34.043148,-117.94946,31,1046.99734154
p_1276449,34.042788,-117.949495,32,1087.06024749
p_1276449,34.042618,-117.949511,33,1105.97497256
p_1276449,34.042185,-117.949553,34,1154.16101985
p_1276449,34.04209,-117.949562,35,1164.73143839
p_1276449,34.04162,-117.949607,36,1217.03064897
p_1276449,34.041542,-117.949615,37,1225.7141327
p_1276449,34.041282,-117.94964,38,1254.64639191
p_1276449,34.041199,-117.949648,39,1263.882601
p_1276449,34.040827,-117.949684,40,1305.27969154
p_1276449,34.040782,-117.94969,41,1310.3018864
p_1276449,34.040343,-117.949732,42,1359.15133497
p_1276449,34.039954,-117.949769,43,1402.43548153
p_1276449,34.039617,-117.949799,44,1439.91907666
p_1276449,34.039393,-117.949823,45,1464.86449253
p_1276449,34.039128,-117.949848,46,1494.34962664
p_1276449,34.038869,-117.949873,47,1523.17131171
p_1276449,34.038634,-117.949896,48,1549.32461891
p_1276449,34.038495,-117.949909,49,1564.78959028
p_1276449,34.038271,-117.949931,50,1589.71927475
p_1276449,34.038119,-117.949946,51,1606.63638488
p_1276449,34.038039,-117.949954,52,1615.54092813
p_1276449,34.037902,-117.949968,53,1630.79228163
p_1276449,34.037856,-117.949972,54,1635.90809521
p_1276449,34.037708,-117.949987,55,1652.38304234
p_1276449,34.037556,-117.950002,56,1669.30015168
p_1276449,34.037484,-117.950009,57,1677.31272914
p_1276449,34.037384,-117.950019,58,1688.44340762
p_1276449,34.037302,-117.950027,59,1697.56905022
p_1276449,34.037206,-117.950036,60,1708.25004737
p_1276449,34.037213,-117.950126,61,1716.5972429
p_1276449,34.037219,-117.950243,62,1727.42202572
p_1276449,34.037236,-117.950523,63,1753.3471458
p_1276449,34.037238,-117.950542,64,1755.11566003
p_1276449,34.037272,-117.9509,65,1788.38939095
p_1276449,34.0373,-117.95109,66,1806.20760109
p_1276449,34.037333,-117.951274,67,1823.58878111
p_1276449,34.03734,-117.951305,68,1826.55488952
p_1276449,34.03737,-117.951451,69,1840.44176042
p_1276449,34.037423,-117.951653,70,1859.99978859
p_1276449,34.037468,-117.951824,71,1876.56079121
p_1276449,34.037494,-117.951922,72,1886.05895307
p_1276449,34.037503,-117.951957,73,1889.4416649
p_1276449,34.037665,-117.95237,74,1931.6011153
p_1276449,34.037938,-117.952926,75,1991.2091784
p_1276449,34.038121,-117.953227,76,2025.62765823
p_1276449,34.038331,-117.953517,77,2061.1206044
p_1276449,34.038391,-117.953603,78,2071.48216123
p_1276449,34.038486,-117.953732,79,2087.38640796
p_1276449,34.03863,-117.953928,80,2111.52592984
p_1276449,34.038936,-117.954343,81,2162.7185661
p_1276449,34.03919,-117.954684,82,2204.97189771
p_1276449,34.039418,-117.955006,83,2244.00688085
p_1276449,34.039673,-117.95535,84,2286.54061675
p_1276449,34.0399,-117.955658,85,2324.52632027
p_1276449,34.040024,-117.955826,86,2345.2591454
p_1276449,34.040414,-117.956357,87,2410.6478484
p_1276449,34.040726,-117.956782,88,2462.97254111
p_1276449,34.041172,-117.957384,89,2537.38746409
p_1276449,34.041381,-117.957664,90,2572.11412443
p_1276449,34.041599,-117.957964,91,2608.8854554
p_1276449,34.041881,-117.958352,92,2656.44685567
p_1276449,34.042352,-117.958994,93,2735.46485779
p_1276449,34.042818,-117.959625,94,2813.35431066
p_1276449,34.043065,-117.959957,95,2854.46952298
p_1276449,34.043301,-117.960273,96,2893.67008128
p_1276449,34.04381,-117.960968,97,2979.14583098
p_1276449,34.04428,-117.96161,98,3058.08954045
p_1276449,34.044784,-117.96229,99,3142.15999499
p_1276449,34.044907,-117.962456,100,3162.68043172
p_1276449,34.045113,-117.962735,101,3197.11585795
p_1276449,34.045284,-117.962967,102,3225.728413
p_1276449,34.045366,-117.963088,103,3240.13532842
p_1276449,34.045461,-117.963223,104,3256.45792167
p_1276449,34.04547,-117.963237,105,3258.09122736
p_1276449,34.045534,-117.963324,106,3268.81172765
p_1276449,34.046876,-117.965141,107,3493.102848
p_1276449,34.04704,-117.965363,108,3520.50906541
p_1276449,34.047122,-117.965476,109,3534.35082558
p_1276449,34.047181,-117.965557,110,3544.28893396
p_1276449,34.04842,-117.967235,111,3751.39486352
p_1276449,34.04847,-117.967303,112,3759.77225596
p_1276449,34.048549,-117.96741,113,3772.97810977
p_1276449,34.048643,-117.967537,114,3788.66954802
p_1276449,34.048782,-117.967725,115,3811.8867775
p_1276449,34.048851,-117.96782,116,3823.52803875
p_1276449,34.048929,-117.967929,117,3836.79999643
p_1276449,34.049067,-117.968116,118,3859.87449789
p_1276449,34.0490691906105,-117.968117878396,119,3860.17303399
p_1276449,34.049272,-117.968395,120,3894.2432598
p_1276449,34.050358,-117.969868,121,4075.9247323
p_1276449,34.050607,-117.970206,122,4117.59932393
p_1276449,34.051063,-117.970828,123,4194.12735776
p_1276449,34.051915,-117.971987,124,4336.89466654
p_1276449,34.051961,-117.97205,125,4344.63218501
p_1276449,34.052234,-117.972422,126,4390.42150016
p_1276449,34.052272,-117.972473,127,4396.74124385
p_1276449,34.052345,-117.972572,128,4408.95256577
p_1276449,34.052801,-117.973188,129,4485.06489957
p_1276449,34.053176,-117.973705,130,4548.37929074
p_1276449,34.053279,-117.973889,131,4568.85199558
p_1276449,34.05335,-117.974015,132,4582.90033658
p_1276449,34.053496,-117.974359,133,4618.55140264
p_1276449,34.053587,-117.974629,134,4645.4457527
p_1276449,34.053623,-117.974753,135,4657.57070266
p_1276449,34.05365,-117.974864,136,4668.24761572
p_1276449,34.053704,-117.975211,137,4700.84009593
p_1276449,34.053724,-117.975339,138,4712.86432541
p_1276449,34.053746,-117.975479,139,4726.0183885
p_1276449,34.053798,-117.975916,140,4766.77529941
p_1276449,34.053827,-117.976137,141,4787.43146463
p_1276449,34.05385,-117.976312,142,4803.78877747
p_1276449,34.053886,-117.976506,143,4822.13984328
p_1276449,34.053927,-117.976732,144,4843.49547715
p_1276449,34.053954,-117.976824,145,4852.50203353
p_1276449,34.054019,-117.977033,146,4873.10124658
p_1276449,34.054052,-117.977114,147,4881.42746443
p_1276449,34.054126,-117.977298,148,4900.29461705
p_1276449,34.054156,-117.977372,149,4907.89406745
p_1276449,34.054237,-117.977538,150,4925.65967187
p_1276449,34.054333077862,-117.977733186464,151,4946.59591227
p_1276449,34.0543650903993,-117.977767532096,152,4951.35662144
p_1276449,34.054365,-117.977765,153,4951.59061439
p_1276449,34.054407,-117.977835,154,4959.55755655
p_1276449,34.054491,-117.977969,155,4975.0454512
p_1276449,34.05469,-117.977778,156,5003.29815796
p_1276449,34.054837,-117.977638,157,5024.10554227
p_1276449,34.05498,-117.977501,158,5044.393239
p_1276449,34.055214,-117.977277,159,5077.58079722
p_1276449,34.055625,-117.976877,160,5136.25124166
p_1276449,34.05548,-117.97666,161,5161.94307509
p_1276449,34.055298,-117.976394,162,5193.73414639
p_1276449,34.055173,-117.976211,163,5215.59064885
p_1276449,34.055004,-117.975964,164,5245.11099093
p_1276449,34.054928,-117.975853,165,5258.38093688
p_1276449,34.054814,-117.975687,166,5278.25024008
p_1276449,34.054748,-117.975596,167,5289.39399787
p_1276449,34.054341,-117.974996,168,5360.85585223
p_1276449,34.05425,-117.974862,169,5376.82293775
p_1276449,34.054049,-117.974569,170,5411.87832538
p_1276449,34.053899,-117.97463,171,5429.44414951
p_1276449,34.053623,-117.974753,172,5462.0973472
p_1276449,34.053539,-117.974805,173,5472.57906779
p_1276449,34.053124,-117.974962,174,5520.84053785
p_1276449,34.05285,-117.975089,175,5553.41696163
p_1276449,34.052704,-117.975195,176,5572.33921876
p_1276449,34.052573,-117.975304,177,5590.01483185
p_1276449,34.052251,-117.975609,178,5635.49795449
p_1276449,34.052017,-117.975836,179,5668.85926145
p_1276449,34.051881,-117.975965,180,5688.07986457
p_1276449,34.051432,-117.976408,181,5752.52706661
p_1276449,34.051057,-117.976737,182,5804.03404498
p_1276449,34.050886,-117.9769,183,5828.24715598
p_1276449,34.050841,-117.976943,184,5834.62507572
p_1276449,34.050475,-117.977291,185,5886.39939968
p_1276449,34.049805,-117.977928,186,5981.17493282
p_1276449,34.049331,-117.978379,187,6048.24510079
p_1276449,34.048914,-117.978776,188,6107.26341186
p_1276449,34.048715,-117.978966,189,6135.45930886
p_1276449,34.048452,-117.978601,190,6180.03314358
p_1276449,34.04831,-117.978403,191,6204.16448927
p_1276449,34.048161,-117.978197,192,6229.36250347
p_1276449,34.047884,-117.977833,193,6274.89979119
p_1276449,34.047661,-117.977503,194,6314.14617851
p_1276449,34.04742,-117.97718,195,6354.19710717
p_1276449,34.046002,-117.975282,196,6589.68073033
p_1276449,34.045735,-117.974924,197,6634.06354071
p_1276449,34.045481,-117.974581,198,6676.45288756
p_1276449,34.044426,-117.97316,199,6852.26689779
p_1276449,34.044163,-117.972804,200,6896.21703036
p_1276449,34.043924,-117.973058,201,6931.61316361
p_1276449,34.043761,-117.973232,202,6955.80080919
p_1276449,34.043507,-117.973502,203,6993.42211924
p_1276449,34.043348,-117.973673,204,7017.09430764
p_1276449,34.043184,-117.973848,205,7041.42627628
p_1276449,34.043095,-117.973942,206,7054.57154592
p_1276449,34.04272,-117.974343,207,7110.26077655
p_1276449,34.04253,-117.974543,208,7138.28271919
p_1276449,34.042301,-117.974785,209,7172.11428628
p_1276449,34.042191,-117.974902,210,7188.41143131
p_1276449,34.041896,-117.975227,211,7232.81150055
p_1276449,34.041385,-117.975752,212,7307.3967981
p_1276449,34.041229,-117.975917,213,7330.45254966
p_1276449,34.0406,-117.976581,214,7423.33612411
p_1276449,34.040419,-117.976772,215,7450.05984182
p_1276449,34.040704,-117.977169,216,7498.46741357
p_1276449,34.040959,-117.977525,217,7541.83460751
p_1276449,34.041032,-117.977626,218,7554.18568169
p_1276449,34.04108,-117.977691,219,7562.20900578
p_1276449,34.04121,-117.977872,220,7584.28343318
p_1276449,34.041322,-117.978026,221,7603.16622068
p_1276449,34.041722,-117.97858,222,7670.88322892
p_1276449,34.041894,-117.978818,223,7699.98614377
p_1276449,34.042148,-117.979127,224,7740.08507027
p_1276449,34.042332,-117.979378,225,7770.96775475
p_1276449,34.042836,-117.980071,226,7855.93956093
p_1276449,34.04315,-117.980497,227,7908.47951984
p_1276449,34.043328,-117.98074,228,7938.36777232
p_1276449,34.043394,-117.980831,229,7949.51237047
p_1276449,34.043449,-117.980906,230,7958.74165341
p_1276449,34.043471,-117.980937,231,7962.50314789
p_1276449,34.043899,-117.981521,232,8034.34882453
p_1276449,34.044385,-117.981004,233,8106.35633459
p_1276449,34.044507,-117.980874,234,8124.44562388
p_1276449,34.044595,-117.980781,235,8137.44652746
p_1276449,34.045069,-117.980276,236,8207.72270466
p_1276449,34.046242,-117.979028,237,8381.52823411
p_1276449,34.046584,-117.978659,238,8432.51826465
p_1276449,34.04668,-117.978556,239,8446.79557533
p_1276449,34.047661,-117.977503,240,8592.72027591
p_1276449,34.04742,-117.97718,241,8632.77120457
p_1276449,34.046002,-117.975282,242,8868.25482773
p_1276449,34.045735,-117.974924,243,8912.63763811
p_1276449,34.045481,-117.974581,244,8955.02698496
p_1276449,34.044426,-117.97316,245,9130.84099519
p_1276449,34.044163,-117.972804,246,9174.79112776
p_1276449,34.043906,-117.972449,247,9218.23270072
p_1276449,34.043301,-117.97161,248,9320.72826978
p_1276449,34.043202,-117.971472,249,9337.54985587
p_1276449,34.042687,-117.970757,250,9424.85507288
p_1276449,34.042447,-117.970423,251,9465.5967212
p_1276449,34.0423,-117.970228,252,9489.88859211
p_1276449,34.041949,-117.969759,253,9548.12397798
p_1276449,34.041441,-117.969081,254,9632.35431158
p_1276449,34.041088,-117.968582,255,9692.82196157
p_1276449,34.041069,-117.968546,256,9696.7579956
p_1276449,34.041008,-117.968469,257,9706.5731873
p_1276449,34.040701,-117.968034,258,9759.23354108
p_1276449,34.040404,-117.96766,259,9806.962124
p_1276449,34.040091,-117.967266,260,9857.25213895
p_1276449,34.039615,-117.966627,261,9936.43243535
p_1276449,34.039167,-117.966024,262,10011.06464739
p_1276449,34.0389908302219,-117.965804680939,263,10039.20757651
p_1276449,34.0389923966236,-117.965809197016,264,10039.65935061
p_1276449,34.038701,-117.96538,265,10090.80173144
p_1276449,34.038407,-117.964975,266,10140.42211225
p_1276449,34.038315,-117.964848,267,10155.96807157
p_1276449,34.038201,-117.964687,268,10175.48570076
p_1276449,34.037852,-117.964197,269,10235.03437965
p_1276449,34.037468,-117.963696,270,10297.92060362
p_1276449,34.037297,-117.963486,271,10325.04698337
p_1276449,34.037177,-117.963333,272,10344.45823597
p_1276449,34.036947,-117.962977,273,10386.07101115
p_1276449,34.036685,-117.962621,274,10429.9497328
p_1276449,34.036207,-117.961958,275,10510.94197168
p_1276449,34.035725,-117.961319,276,10590.56958235
p_1276449,34.035607,-117.961169,277,10609.62727239
p_1276449,34.035446,-117.960963,278,10635.71974844
p_1276449,34.034814,-117.960097,279,10742.06844055
p_1276449,34.034402,-117.959532,280,10811.42890664
p_1276449,34.034067,-117.959073,281,10867.79835844
p_1276449,34.03398,-117.958954,282,10882.423519
p_1276449,34.033853,-117.95877,283,10904.49565691
p_1276449,34.03372,-117.958577,284,10927.63243263
p_1276449,34.033443,-117.958223,285,10972.49656519
p_1276449,34.03283,-117.957394,286,11074.89010911
p_1276449,34.032664,-117.95717,287,11102.58428363
p_1276449,34.032524,-117.956973,288,11126.50365459
p_1276449,34.032214,-117.956545,289,11178.8933962
p_1276449,34.031887,-117.956094,290,11234.12343309
p_1276449,34.031741,-117.955894,291,11258.68790632
p_1276449,34.030557,-117.954297,292,11456.17211475
p_1276449,34.030301,-117.953951,293,11498.92008935
p_1276449,34.030224,-117.953846,294,11511.84219686
p_1276449,34.030011,-117.953557,295,11547.48710761
p_1276449,34.029977,-117.953511,296,11553.16782563
p_1276449,34.029954,-117.953479,297,11557.07197846
p_1276449,34.029663,-117.953083,298,11605.85094368
p_1276449,34.029156,-117.952354,299,11693.57436275
p_1276449,34.028875,-117.951991,300,11739.34994949
p_1276449,34.028603,-117.951642,301,11783.49919665
p_1276449,34.028436,-117.951424,302,11810.85768577
p_1276449,34.028354,-117.951399,303,11820.24182907
p_1276449,34.028244,-117.951236,304,11839.61943688
p_1276449,34.02812,-117.951021,305,11863.77418725
p_1276449,34.028072,-117.950938,306,11873.10728409
p_1276449,34.028075,-117.950783,307,11887.4260808
p_1276449,34.027674,-117.950832,308,11932.1357713
p_1276449,34.027543,-117.950848,309,11946.74161009
p_1276449,34.027066,-117.950906,310,11999.92228209
p_1276449,34.026577,-117.950997,311,12054.81080849
p_1276449,34.026342,-117.951062,312,12081.56000778
p_1276449,34.02616,-117.951123,313,12102.51931964
p_1276449,34.025631,-117.951392,314,12166.24021481
p_1276449,34.025573,-117.95142,315,12173.1740183
p_1276449,34.02515,-117.951626,316,12223.80497956
p_1276449,34.024656,-117.951871,317,12283.08903988
p_1276449,34.024188,-117.952104,318,12339.2845218
p_1276449,34.023872,-117.952256,319,12377.04290931
p_1276449,34.023136,-117.952612,320,12465.054536
p_1276449,34.02306,-117.952653,321,12474.29610643
p_1276449,34.023006,-117.952682,322,12480.85751601
p_1276449,34.022782,-117.952802,323,12508.0640623
p_1276449,34.02233,-117.953044,324,12562.95764595
p_1276449,34.022078,-117.953156,325,12592.76286863
p_1276449,34.022014,-117.953186,326,12600.38350585
p_1276449,34.021779,-117.953292,327,12628.22825981
p_1276449,34.021587,-117.953378,328,12650.95845975
p_1276449,34.021131,-117.953639,329,12706.99000322
p_1276449,34.020839,-117.953775,330,12741.72990916
p_1276449,34.020756,-117.953819,331,12751.79355118
p_1276449,34.020564,-117.953922,332,12775.11892068
p_1276449,34.020424,-117.953996,333,12792.08566879
p_1276449,34.020196,-117.954074,334,12818.38216315
p_1276449,34.02013,-117.954097,335,12826.00505322
p_1276449,34.020111,-117.953845,336,12849.37574976
p_1276449,34.02011,-117.953609,337,12871.17370217
p_1276449,34.020106,-117.952633,338,12961.32109376
p_1276449,34.020102,-117.951415,339,13073.82012258
p_1276449,34.019851,-117.9511,340,13114.08970116
p_1276449,34.019127,-117.950192,341,13230.20571362
p_1276449,34.018873,-117.949874,342,13270.90582521
p_1276449,34.018426,-117.94933,343,13341.49700402
p_1276449,34.018177,-117.949026,344,13380.8832758
p_1276449,34.018365,-117.949024,345,13401.73756462
p_1276449,34.018615,-117.949036,346,13429.49038634
p_1276449,34.01866,-117.949031,347,13434.50322761
p_1276449,34.019124,-117.949047,348,13485.9925855
p_1276449,34.019279,-117.949053,349,13503.1945383
p_1276449,34.019901,-117.949073,350,13572.21320787
p_1276449,34.020095,-117.94908,351,13593.74193137
p_1276449,34.020095,-117.948327,352,13663.29128999
p_1276449,34.020094,-117.948211,353,13674.00597525
p_1276449,34.020094,-117.948085,354,13685.64371667
p_1276449,34.020095,-117.947866,355,13705.87152363
p_1276449,34.020102,-117.947026,356,13783.46034759
p_1276449,34.020109,-117.946165,357,13862.98869373
p_1276449,34.020108,-117.945463,358,13927.82762264
p_1276449,34.020108,-117.945302,359,13942.69806757
p_1276449,34.019595,-117.94532,360,13999.62571748
p_1276449,34.019361,-117.945287,361,14025.75998871
p_1276449,34.019204,-117.945174,362,14046.0629731
p_1276449,34.018651,-117.945661,363,14122.12844324
p_1276449,34.018085,-117.946197,364,14202.08226044
p_1276449,34.017507,-117.946765,365,14284.92517889
p_1276449,34.017277,-117.946401,366,14327.13014296
p_1276449,34.016764,-117.945591,367,14421.1276756
p_1276449,34.016589,-117.945358,368,14450.11004769
p_1276449,34.016456,-117.945184,369,14471.92625026
p_1276449,34.016266,-117.945023,370,14497.72001376
p_1276449,34.015994,-117.944818,371,14533.34069508
p_1276449,34.015778,-117.944579,372,14565.91969452
p_1276449,34.015559,-117.944197,373,14608.75777172
p_1276449,34.01554,-117.944159,374,14612.85187231
p_1276449,34.01517,-117.943435,375,14691.31587968
p_1276449,34.01479,-117.942801,376,14763.46948784
p_1276449,34.014307,-117.942158,377,14843.45643578
p_1276449,34.013797,-117.941605,378,14919.67606048
p_1276449,34.013273,-117.941087,379,14994.96046436
p_1276449,34.013168,-117.940978,380,15010.35598368
p_1276449,34.013026,-117.94083,381,15031.21231413
p_1276449,34.012926,-117.940692,382,15048.10989993
p_1276449,34.012662,-117.940387,383,15088.74551291
p_1276449,34.012285,-117.939669,384,15167.15096535
p_1276449,34.011893,-117.938739,385,15263.43409134
p_1276449,34.011697,-117.938004,386,15334.72351311
p_1276449,34.011649,-117.937823,387,15352.2701641
p_1276449,34.010865,-117.932974,388,15808.54882843
p_1276449,34.010801,-117.932522,389,15850.90066267
p_1276449,34.01079,-117.932464,390,15856.3954843
p_1276449,34.010701,-117.93198,391,15902.18104912
p_1276449,34.010592,-117.931142,392,15980.5283693
p_1276449,34.010428,-117.930271,393,16063.01649272
p_1276449,34.010278,-117.929327,394,16151.79030847
p_1276449,34.010173,-117.928716,395,16209.41982805
p_1276449,34.010162,-117.928655,396,16215.18521942
p_1276449,34.010105,-117.928321,397,16246.67924583
p_1276449,34.010473,-117.928222,398,16288.51060925
p_1276449,34.010592,-117.928189,399,16302.05780934
p_1276449,34.011016,-117.928073,400,16350.2941914
p_1276449,34.011917,-117.927828,401,16452.76578425
p_1276449,34.011834,-117.927254,402,16506.5806436
p_1276449,34.011753,-117.926702,403,16558.35553645
p_1276449,34.011744,-117.926641,404,16564.07798423
p_1276449,34.011645,-117.926021,405,16622.39200293
p_1276449,34.011598,-117.92573,406,16649.77320574
p_1276449,34.011511,-117.925188,407,16700.76055018
p_1276449,34.011501,-117.925122,408,16706.95720997
p_1276449,34.011446,-117.924782,409,16738.95086256
p_1276449,34.01144,-117.924745,410,16742.43283737
p_1276449,34.011423,-117.924642,411,16752.13226079
p_1276449,34.011357,-117.924227,412,16791.15961751
p_1276449,34.01097,-117.924477,413,16839.90411059
p_1276449,34.01041,-117.924837,414,16910.36211018
p_1276449,34.010072,-117.925055,415,16952.91977441
p_1276449,34.009465,-117.925446,416,17029.32567097
p_1276449,34.009149,-117.925645,417,17068.90506368
p_1276449,34.009217,-117.926065,418,17108.42890129
p_1276449,34.009303,-117.926595,419,17158.30821322
p_1276449,34.009356,-117.926923,420,17189.17218171
p_1276449,34.009415,-117.927288,421,17223.51818567
p_1276449,34.009476,-117.927665,422,17258.99462382
p_1276449,34.009567,-117.928235,423,17312.6068788
p_1276449,34.009608,-117.928484,424,17336.0533957
p_1276449,34.010105,-117.928321,425,17393.20114944
p_1276449,34.010473,-117.928222,426,17435.03251286
p_1276449,34.010592,-117.928189,427,17448.57971295
p_1276449,34.011016,-117.928073,428,17496.81609501
p_1276449,34.011917,-117.927828,429,17599.28768786
p_1276449,34.012069,-117.927796,430,17616.40507303
p_1276449,34.012399,-117.927726,431,17653.57624157
p_1276449,34.013004,-117.927598,432,17721.71802835
p_1276449,34.013147,-117.927567,433,17737.83635807
p_1276449,34.01324,-117.927548,434,17748.30039062
p_1276449,34.013701,-117.927343,435,17802.82919186
p_1276449,34.013815,-117.927597,436,17829.48184225
p_1276449,34.01401,-117.928032,437,17875.11463986
p_1276449,34.01432,-117.928374,438,17921.80884297
p_1276449,34.014675,-117.928835,439,17979.80737862
p_1276449,34.01481,-117.929256,440,18021.47820188
p_1276449,34.015033,-117.930457,441,18135.13721113
p_1276449,34.015474,-117.931069,442,18209.89303645
p_1276449,34.015606,-117.931594,443,18260.5484454
p_1276449,34.01564,-117.931703,444,18271.29971649
p_1276449,34.015977,-117.932799,445,18379.21566903
p_1276449,34.016151,-117.933363,446,18434.77124365
p_1276449,34.016638,-117.934772,447,18575.68203131
p_1276449,34.017275,-117.93698,448,18791.52018543
p_1276449,34.017376,-117.937427,449,18834.30077159
p_1276449,34.017329,-117.937789,450,18868.14125188
p_1276449,34.017194,-117.938458,451,18931.72271329
p_1276449,34.017136,-117.93872,452,18956.76322918
p_1276449,34.017106,-117.938854,453,18969.57983942
p_1276449,34.017026,-117.939329,454,19014.34223549
p_1276449,34.01702,-117.939764,455,19054.52711083
p_1276449,34.017033,-117.939931,456,19070.01954573
p_1276449,34.017089,-117.940244,457,19099.58998483
p_1276449,34.017181,-117.940601,458,19134.10771268
p_1276449,34.017206,-117.940702,459,19143.84012386
p_1276449,34.017526,-117.941286,460,19208.41275244
p_1276449,34.017909,-117.941834,461,19274.49492705
p_1276449,34.018187,-117.942259,462,19324.41349619
p_1276449,34.018813,-117.942953,463,19418.91502787
p_1276449,34.01949,-117.943425,464,19505.74710055
p_1276449,34.019584,-117.94349,465,19517.77874628
p_1276449,34.019811,-117.943797,466,19555.70030097
p_1276449,34.019948,-117.944009,467,19580.48632634
p_1276449,34.020077,-117.944372,468,19616.93989365
p_1276449,34.020104,-117.944686,469,19646.09611142
p_1276449,34.020108,-117.945302,470,19702.99345813
p_1276449,34.020108,-117.945683,471,19738.1837657
p_1276449,34.020109,-117.946165,472,19782.7028754
p_1276449,34.020102,-117.947026,473,19862.23122154
p_1276449,34.020095,-117.947866,474,19939.8200455
p_1276449,34.020094,-117.948085,475,19960.04785246
p_1276449,34.020094,-117.948211,476,19971.68559388
p_1276449,34.020095,-117.948407,477,19989.78908692
p_1276449,34.020095,-117.948749,478,20021.37724183
p_1276449,34.020095,-117.94908,479,20051.94940345
p_1276449,34.02055,-117.949073,480,20102.42339716
p_1276449,34.0207,-117.949071,481,20119.06283635
p_1276449,34.021611,-117.949057,482,20220.12175099
p_1276449,34.022401,-117.949067,483,20307.75561727
p_1276449,34.022837,-117.949072,484,20356.12016049
p_1276449,34.023121,-117.949076,485,20387.62440223
p_1276449,34.023667,-117.949084,486,20448.19276268
p_1276449,34.024166,-117.949091,487,20503.5470245
p_1276449,34.024653,-117.949083,488,20557.57149403
p_1276449,34.025151,-117.949074,489,20612.81731985
p_1276449,34.025619,-117.949094,490,20664.7620636
p_1276449,34.026108,-117.949089,491,20719.0053045
p_1276449,34.026578,-117.949093,492,20771.14035847
p_1276449,34.027074,-117.949097,493,20826.15934255
p_1276449,34.027321,-117.949095,494,20853.55791588
p_1276449,34.027539,-117.949093,495,20877.73980951
p_1276449,34.027675,-117.949092,496,20892.82560453
p_1276449,34.027875,-117.949091,497,20915.01037432
p_1276449,34.028069,-117.949089,498,20936.53020795
p_1276449,34.028071,-117.948631,499,20978.82909901
p_1276449,34.028075,-117.947663,500,21068.22924361
p_1276449,34.02811,-117.944623,501,21349.01334717
p_1276449,34.028116,-117.944149,502,21392.79436345
p_1276449,34.028703,-117.944108,503,21458.01611305
p_1276449,34.029057,-117.944074,504,21497.40817042
p_1276449,34.029221,-117.944058,505,21515.6594429
p_1276449,34.03035,-117.943951,506,21641.28068929
p_1276449,34.030717,-117.943911,507,21682.15667091
p_1276449,34.030994,-117.94388,508,21713.01541438
p_1276449,34.031445,-117.943831,509,21763.24591457
p_1276449,34.03156,-117.943818,510,21776.05842583
p_1276449,34.032023,-117.943778,511,21827.54843604
p_1276449,34.032277,-117.943756,512,21855.79602902
p_1276449,34.033369,-117.94366,513,21977.24792914
p_1276449,34.03376,-117.943625,514,22020.73909131
p_1276449,34.034224,-117.943585,515,22072.33975084
p_1276449,34.034504,-117.94356,516,22103.48388127
p_1276449,34.034588,-117.943553,517,22112.82381126
p_1276449,34.034627,-117.943549,518,22117.1655508
p_1276449,34.03466,-117.943546,519,22120.83647917
p_1276449,34.034776,-117.943535,520,22133.74358445
p_1276449,34.035159,-117.943499,521,22176.35697836
p_1276449,34.035318,-117.943482,522,22194.06347115
p_1276449,34.03549,-117.943463,523,22213.22274196
p_1276449,34.03582,-117.943428,524,22249.96975968
p_1276449,34.03588,-117.943421,525,22256.65646072
p_1276449,34.035989,-117.943412,526,22268.77560338
p_1276449,34.036212,-117.943393,527,22293.57359053
p_1276449,34.036252,-117.94339,528,22298.01915268
p_1276449,34.036568,-117.943371,529,22333.11472059
p_1276449,34.036652,-117.943366,530,22342.44368985
p_1276449,34.036766,-117.943359,531,22355.10542883
p_1276449,34.03677,-117.943428,532,22361.49266055
p_1276449,34.03678,-117.943585,533,22376.03318934
p_1276449,34.036842,-117.94452,534,22462.64914069
p_1276449,34.036929,-117.945854,535,22586.21456616
p_1276449,34.036937,-117.945981,536,22597.97587785
p_1276449,34.036966,-117.946432,537,22639.7474101
p_1276449,34.037005,-117.947019,538,22694.12611161
p_1276449,34.037035,-117.947473,539,22736.18245864
p_1276449,34.03706,-117.947817,540,22768.06983045
p_1276449,34.037095,-117.94835,541,22817.4423921
p_1276449,34.037117,-117.948701,542,22849.94707867
p_1276449,34.037146,-117.949136,543,22890.24555835
p_1276449,34.037161,-117.949377,544,22912.56270385
p_1276449,34.037181,-117.949671,545,22939.80248277
p_1276449,34.037188,-117.949779,546,22949.80586996
p_1276449,34.037196,-117.949895,547,22960.55452521
p_1276449,34.037287,-117.949887,548,22970.67552134
p_1276449,34.037411,-117.949874,549,22984.48226971
p_1276449,34.037544,-117.94986,550,22999.29157509
p_1276449,34.037622,-117.949852,551,23007.97505615
p_1276449,34.037739,-117.949841,552,23020.9927468
p_1276449,34.037895,-117.949826,553,23038.35209689
p_1276449,34.038065,-117.949806,554,23057.29924595
p_1276449,34.038485,-117.949769,555,23104.01205959
p_1276449,34.038754,-117.949743,556,23133.94680725
p_1276449,34.039229,-117.949697,557,23186.80622553
p_1276449,34.039392,-117.94968,558,23204.95471115
p_1276449,34.039569,-117.949662,559,23224.65833292
p_1276449,34.039608,-117.949658,560,23229.00007412
p_1276449,34.039873,-117.949633,561,23258.48520951
p_1276449,34.040294,-117.949594,562,23305.32249643
p_1276449,34.040769,-117.949549,563,23358.17458152
p_1276449,34.040817,-117.949544,564,23363.51887246
p_1276449,34.041148,-117.949511,565,23400.36066391
p_1276449,34.041702,-117.949458,566,23462.00665304
p_1276449,34.04174,-117.949454,567,23466.23788445
p_1276449,34.04183,-117.949445,568,23476.25549861
p_1276449,34.041925,-117.949436,569,23486.8259169
p_1276449,34.042092,-117.94942,570,23505.40890622
p_1276449,34.042746,-117.949357,571,23578.18552321
p_1276449,34.04311,-117.949323,572,23618.68342854
p_1276449,34.043182,-117.949316,573,23626.69600985
p_1276449,34.043575,-117.949278,574,23670.42980276
p_1276449,34.043945,-117.949243,575,23711.59842545
p_1276449,34.04423,-117.949216,576,23743.30968659
p_1276449,34.044624,-117.949177,577,23787.16153612
p_1276449,34.044894,-117.949142,578,23817.28466129
p_1276449,34.045217,-117.949101,579,23853.31231112
p_1276449,34.045367,-117.949063,580,23870.3167346
p_1276449,34.045681,-117.948942,581,23906.89470448
p_1276449,34.045813,-117.948929,582,23921.58568955
p_1276449,34.046043,-117.948767,583,23951.15982503
p_1276449,34.046279,-117.948601,584,23981.49488599
p_1276449,34.046474,-117.948389,585,24010.66740407
p_1276449,34.046705,-117.948136,586,24045.34114866
p_1276449,34.046846,-117.947981,587,24066.54120463
p_1276449,34.047011,-117.947802,588,24091.20175689
p_1276449,34.047402,-117.947377,589,24149.69074245
p_1276449,34.047643,-117.947115,590,24185.74413262
p_1276449,34.047706,-117.947046,591,24195.20055466
p_1276449,34.04823,-117.946476,592,24273.61140019
p_1276449,34.048508,-117.946165,593,24315.74775801
p_1276449,34.048537,-117.946133,594,24320.11553596
p_1276449,34.048569,-117.946097,595,24324.97845362
p_1276449,34.048775,-117.945867,596,24356.17324314
p_1276449,34.049016,-117.945598,597,24392.66319293
p_1276449,34.049645,-117.944894,598,24488.02105215
p_1276449,34.050077,-117.944411,599,24553.48095773
p_1276449,34.050199965225,-117.944292187082,600,24570.98477677
p_1276449,34.050602,-117.943824,601,24633.09241577
p_1276449,34.0508157401406,-117.943595547889,602,24664.82596182
