shape_id,shape_pt_lat,shape_pt_lon,shape_pt_sequence,shape_dist_traveled
p_910590,33.9596730515778,-118.17455531727,1,0
p_910590,33.9596450010351,-118.174340105352,2,20.13357026
p_910590,33.9596615763568,-118.17433779951,3,21.9844439
p_910590,33.959703,-118.174702,4,55.95905261
p_910590,33.959713,-118.174786,5,63.80187167
p_910590,33.959729,-118.174931,6,77.32098292
p_910590,33.959747,-118.175106,7,93.61870491
p_910590,33.95975,-118.175135,8,96.31970355
p_910590,33.959782,-118.175429,9,123.72446872
p_910590,33.959786,-118.175471,10,127.63173034
p_910590,33.959804,-118.175645,11,143.8377135
p_910590,33.959825,-118.175825,12,160.63707641
p_910590,33.959837,-118.175971,13,174.19708782
p_910590,33.959839,-118.175984,14,175.41896263
p_910590,33.959863,-118.176202,15,195.74341427
p_910590,33.959874,-118.176324,16,207.08547577
p_910590,33.959894,-118.176506,17,224.05305682
p_910590,33.959922,-118.176814,18,252.68985046
p_910590,33.959962,-118.177153,19,284.335564
p_910590,33.959984,-118.177341,20,301.88256023
p_910590,33.960007,-118.177541,21,320.54338948
p_910590,33.960028,-118.177701,22,335.51420311
p_910590,33.960057,-118.177955,23,359.21027014
p_910590,33.960101,-118.178358,24,396.7771278
p_910590,33.96012,-118.178536,25,413.36373848
p_910590,33.960176,-118.179052,26,461.4593442
p_910590,33.960196,-118.179233,27,478.33523621
p_910590,33.960254,-118.17977,28,528.38418844
p_910590,33.960272,-118.17993,29,543.30680488
p_910590,33.960291,-118.180105,30,559.6183851
p_910590,33.960297,-118.180162,31,564.92863704
p_910590,33.960323,-118.180401,32,587.20632562
p_910590,33.960325,-118.180416,33,588.610378
p_910590,33.96033,-118.180461,34,592.80643883
p_910590,33.960342,-118.18058,35,603.88558361
p_910590,33.960345,-118.180608,36,606.49486503
p_910590,33.960363,-118.180775,37,622.05888317
p_910590,33.960379,-118.180918,38,635.39465996
p_910590,33.960383,-118.180955,39,638.84314495
p_910590,33.960399,-118.181101,40,652.45378522
p_910590,33.960438,-118.181461,41,686.00775598
p_910590,33.960448,-118.181556,42,694.85816069
p_910590,33.960457,-118.181637,43,702.41105934
p_910590,33.960471,-118.18176,44,713.8852198
p_910590,33.960487,-118.181924,45,729.14687981
p_910590,33.960492,-118.181969,46,733.34293283
p_910590,33.960514,-118.182188,47,753.73112629
p_910590,33.960543,-118.182481,48,781.00275571
p_910590,33.960576,-118.182811,49,811.72267499
p_910590,33.960592,-118.182966,50,826.15843734
p_910590,33.960594,-118.18299,51,828.38776099
p_910590,33.960601,-118.183054,52,834.35385694
p_910590,33.960606,-118.183105,53,839.10016952
p_910590,33.960648,-118.183523,54,878.01468659
p_910590,33.960673,-118.183768,55,900.8285477
p_910590,33.960682,-118.183867,56,910.03314948
p_910590,33.960701,-118.184047,57,926.80302205
p_910590,33.960703,-118.184069,58,928.848488529999
p_910590,33.960718,-118.184216,59,942.536797309999
p_910590,33.960737,-118.184408,60,960.407540469999
p_910590,33.960799,-118.185025,61,1017.84831691
p_910590,33.960824,-118.185269,62,1040.57039923
p_910590,33.96085,-118.185532,63,1065.04922288
p_910590,33.960873,-118.185765,64,1086.73533228
p_910590,33.961031,-118.185806,65,1104.6659744
p_910590,33.961267,-118.185867,66,1131.44376141
p_910590,33.961427,-118.185908,67,1149.59129392
p_910590,33.961694,-118.185973,68,1179.81058452
p_910590,33.96175,-118.185989,69,1186.19580701
p_910590,33.961868,-118.186023,70,1199.65652289
p_910590,33.961999,-118.186008,71,1214.25325384
p_910590,33.962332,-118.186079,72,1251.76857597
p_910590,33.962692,-118.186156,73,1292.32961673
p_910590,33.962779,-118.186175,74,1302.13828408
p_910590,33.962875,-118.186286,75,1316.92479541
p_910590,33.96302,-118.18631,76,1333.16068658
p_910590,33.963202,-118.18634,77,1353.53796473
p_910590,33.963135,-118.185685,78,1414.53056488
p_910590,33.963119,-118.185528,79,1429.14936895
p_910590,33.96311,-118.185438,80,1437.52728189
p_910590,33.963085,-118.185196,81,1460.06530929
p_910590,33.963034,-118.184716,82,1504.78841198
p_910590,33.962991,-118.184279,83,1545.45870256
p_910590,33.962948,-118.183861,84,1584.38560379
p_910590,33.962932,-118.183699,85,1599.46325008
p_910590,33.962894,-118.183335,86,1633.36893763
p_910590,33.962864,-118.183039,87,1660.92835931
p_910590,33.962829,-118.182696,88,1692.86696013
p_910590,33.962809,-118.182502,89,1710.93412959
p_910590,33.962774,-118.182158,90,1742.96449233
p_910590,33.962741,-118.181842,91,1772.39930448
p_910590,33.962719,-118.181627,92,1792.41998066
p_910590,33.962686,-118.181301,93,1822.7721061
p_910590,33.962683,-118.181277,94,1825.01513113
p_910590,33.962669,-118.181134,95,1838.32284709
p_910590,33.962657,-118.181019,96,1849.03476391
p_910590,33.962636,-118.180811,97,1868.39981205
p_910590,33.962632,-118.180778,98,1871.48194676
p_910590,33.962617,-118.18063,99,1885.26169803
p_910590,33.962616,-118.180617,100,1886.46833524
p_910590,33.962584,-118.180286,101,1917.26631951
p_910590,33.962579,-118.180258,102,1919.91298852
p_910590,33.962566,-118.180127,103,1932.10626573
p_910590,33.962544,-118.179914,104,1951.94352274
p_910590,33.96253,-118.179783,105,1964.1504195
p_910590,33.962516,-118.179641,106,1977.36636946
p_910590,33.962499,-118.179478,107,1992.54925459
p_910590,33.962495,-118.179437,108,1996.36458074
p_910590,33.962484,-118.179333,109,2006.05394995
p_910590,33.962439,-118.178895,110,2046.84284126
p_910590,33.9624,-118.178498,111,2083.78987077
p_910590,33.962365,-118.17815,112,2116.18739185
p_910590,33.962353,-118.178022,113,2128.09250197
p_910590,33.962322,-118.177707,114,2157.40890318
p_910590,33.96232,-118.177688,115,2159.17894584
p_910590,33.96229,-118.177387,116,2187.19735226
p_910590,33.962267,-118.177155,117,2208.79132609
p_910590,33.962216,-118.176644,118,2256.35841248
p_910590,33.962202,-118.176497,119,2270.0334452
p_910590,33.962181,-118.176315,120,2287.01543504
p_910590,33.962146,-118.176018,121,2314.73904669
p_910590,33.962138,-118.175947,122,2321.36100045
p_910590,33.962116,-118.175756,123,2339.18218753
p_910590,33.962104,-118.175646,124,2349.43578604
p_910590,33.962079,-118.17543,125,2369.59143078
p_910590,33.962059,-118.175256,126,2385.8258142
p_910590,33.96205,-118.175176,127,2393.28696886
p_910590,33.962039,-118.175081,128,2402.15179547
p_910590,33.962006,-118.174789,129,2429.38725115
p_910590,33.961985,-118.174611,130,2446.00314735
p_910590,33.961943,-118.174238,131,2480.7913739
p_910590,33.961896,-118.173828,132,2519.0429578
p_910590,33.961869,-118.173573,133,2542.80111493
p_910590,33.961867,-118.173547,134,2545.2144103
p_910590,33.961831,-118.173205,135,2577.07535144
p_910590,33.961797,-118.172875,136,2607.80824062
p_910590,33.961779,-118.172701,137,2624.01385168
p_910590,33.961743,-118.172352,138,2656.51680789
p_910590,33.961727,-118.172198,139,2670.86065828
p_910590,33.962863,-118.172021,140,2797.92523261
p_910590,33.963694,-118.171891,141,2890.88097913
p_910590,33.963746,-118.171906,142,2896.81318044
p_910590,33.96379,-118.17195,143,2903.16593707
p_910590,33.963814,-118.172132,144,2920.19644812
p_910590,33.963831,-118.172266,145,2932.7239855
p_910590,33.963876,-118.172606,146,2964.54207039
p_910590,33.963936,-118.173072,147,3008.12275194
p_910590,33.964019,-118.173709,148,3067.71218322
p_910590,33.964138,-118.173808,149,3083.77310371
p_910590,33.964207,-118.17386,150,3092.81055176
p_910590,33.964234,-118.174107,151,3115.83476846
p_910590,33.964248,-118.174232,152,3127.49160417
p_910590,33.964276,-118.174485,153,3151.08009786
p_910590,33.964313,-118.174842,154,3184.32952442
p_910590,33.964355,-118.175243,155,3221.68295508
p_910590,33.964359,-118.175279,156,3225.03964827
p_910590,33.964372,-118.175406,157,3236.8656551
p_910590,33.964393,-118.175609,158,3255.77163617
p_910590,33.964397,-118.175649,159,3259.49509804
p_910590,33.964414,-118.175817,160,3275.13629499
p_910590,33.964421,-118.175886,161,3281.56059623
p_910590,33.964432,-118.175985,162,3290.79149514
p_910590,33.964467,-118.176325,163,3322.45431008
p_910590,33.964485,-118.176502,164,3338.9346118
p_910590,33.964517,-118.176809,165,3367.52968778
p_910590,33.964521,-118.176844,166,3370.79478535
p_910590,33.964533,-118.176959,167,3381.50647218
p_910590,33.964551,-118.177139,168,3398.26202218
p_910590,33.96457,-118.177331,169,3416.13197512
p_910590,33.964588,-118.177491,170,3431.05385161
p_910590,33.964608,-118.177688,171,3449.39585337
p_910590,33.964618,-118.177779,172,3457.87918259
p_910590,33.964635,-118.177961,173,3474.80554385
p_910590,33.964653,-118.178115,174,3489.17804891
p_910590,33.96466,-118.178191,175,3496.24498359
p_910590,33.964696,-118.178535,176,3528.28828358
p_910590,33.964722,-118.178779,177,3551.02314954
p_910590,33.964747,-118.179012,178,3572.73550691
p_910590,33.964769,-118.179219,179,3592.02205553
p_910590,33.96479,-118.179414,180,3610.19442873
p_910590,33.964823,-118.179726,181,3639.2617609
p_910590,33.964843,-118.179915,182,3656.86998532
p_910590,33.964847,-118.179958,183,3660.8688573
p_910590,33.964878,-118.180249,184,3687.982817
p_910590,33.964898,-118.180429,185,3704.76618053
p_910590,33.96493,-118.180736,186,3733.36112046
p_910590,33.964934,-118.180774,187,3736.90109935
p_910590,33.96495,-118.180925,188,3750.96932415
p_910590,33.964963,-118.18104,189,3761.69530617
p_910590,33.96497,-118.181115,190,3768.67035977
p_910590,33.965064,-118.181994,191,3850.57622928
p_910590,33.965109,-118.182416,192,3889.89665694
p_910590,33.96515,-118.182803,193,3925.95213542
p_910590,33.965232,-118.183572,194,3997.60464352
p_910590,33.965261,-118.183846,195,4023.13186308
p_910590,33.965299,-118.184202,196,4056.30311064
p_910590,33.965352,-118.1847,197,4102.70334794
p_910590,33.965382,-118.184986,198,4129.34475259
p_910590,33.96541,-118.185247,199,4153.66607432
p_910590,33.965448,-118.185608,200,4187.29568131
p_910590,33.965463,-118.185749,201,4200.43299359
p_910590,33.965526,-118.186335,202,4255.04132561
p_910590,33.9655689995711,-118.18673536242,203,4292.3497808
p_910590,33.965565,-118.186709,204,4294.82630983
p_910590,33.965591,-118.18695,205,4317.2859497
p_910590,33.965931,-118.187039,206,4355.88595204
p_910590,33.966063,-118.187074,207,4370.880693
p_910590,33.966168,-118.187033,208,4383.12839769
p_910590,33.966732,-118.187167,209,4446.90231945
p_910590,33.966772,-118.187257,210,4456.32955493
p_910590,33.967023,-118.187323,211,4484.83128982
p_910590,33.967176,-118.187364,212,4502.22020322
p_910590,33.967275,-118.187388,213,4513.42323516
p_910590,33.967476,-118.187438,214,4536.19236437
p_910590,33.967595,-118.187468,215,4549.68010781
p_910590,33.96772,-118.187499,216,4563.83824231
p_910590,33.967722,-118.187499,217,4564.06008592
p_910590,33.967959,-118.187558,218,4590.90810419
p_910590,33.967938,-118.187349,219,4610.36371995
p_910590,33.9679,-118.18698,220,4644.7260128
p_910590,33.967883,-118.186812,221,4660.36658105
p_910590,33.967757,-118.185562,222,4776.73343774
p_910590,33.967726,-118.185261,223,4804.76347816
p_910590,33.96769,-118.184904,224,4837.99808723
p_910590,33.967656,-118.184565,225,4869.55455714
p_910590,33.96762,-118.184208,226,4902.78919304
p_910590,33.967602,-118.184033,227,4919.08543643
p_910590,33.967589,-118.18391,228,4930.54417088
p_910590,33.967569,-118.183707,229,4949.43610939
p_910590,33.967547,-118.183494,230,4969.27222281
p_910590,33.967513,-118.183154,231,5000.92050424
p_910590,33.967498,-118.183006,232,5014.69948006
p_910590,33.967484,-118.18287,233,5027.3641621
p_910590,33.967477,-118.182804,234,5033.51310049
p_910590,33.967455,-118.182584,235,5053.99141536
p_910590,33.967447,-118.182508,236,5061.07116775
p_910590,33.967431,-118.182348,237,5075.96449229
p_910590,33.967426,-118.182301,238,5080.34349691
p_910590,33.967412,-118.182166,239,5092.91647192
p_910590,33.967397,-118.182011,240,5107.337882
p_910590,33.96738,-118.181839,241,5123.34558679
p_910590,33.967361,-118.181655,242,5140.48098168
p_910590,33.967344,-118.181488,243,5156.02990515
p_910590,33.96734,-118.181445,244,5160.02866174
p_910590,33.967322,-118.181272,245,5176.1415259
p_910590,33.967314,-118.181186,246,5184.13904129
p_910590,33.967288,-118.18093,247,5207.97372635
p_910590,33.967275,-118.1808,248,5220.07457452
p_910590,33.967255,-118.180606,249,5238.14081834
p_910590,33.967252,-118.180573,250,5241.20878565
p_910590,33.967236,-118.180422,251,5255.27663756
p_910590,33.967217,-118.180229,252,5273.23781936
p_910590,33.967187,-118.179938,253,5300.33720476
p_910590,33.967165,-118.179722,254,5320.44858928
p_910590,33.967132,-118.179395,255,5350.89090659
p_910590,33.967128,-118.179357,256,5354.43079588
p_910590,33.967112,-118.179198,257,5369.23241749
p_910590,33.967095,-118.179025,258,5385.33195552
p_910590,33.967011,-118.178195,259,5462.6047169
p_910590,33.966947,-118.17764,260,5514.3870242
p_910590,33.966928,-118.177478,261,5529.50675733
p_910590,33.966908,-118.177304,262,5545.74023699
p_910590,33.96689,-118.177148,263,5560.29544172
p_910590,33.966855,-118.176852,264,5587.92604918
p_910590,33.966813,-118.176487,265,5621.97976828
p_910590,33.966792,-118.176307,266,5638.7777843
p_910590,33.966735,-118.17581,267,5685.14399455
p_910590,33.966712,-118.175617,268,5703.16272949
p_910590,33.966703,-118.175535,269,5710.80670472
p_910590,33.966671,-118.175259,270,5736.56062985
p_910590,33.966633,-118.174931,271,5767.16631312
p_910590,33.966617,-118.174789,272,5780.4095385
p_910590,33.966595,-118.174599,273,5798.13826351
p_910590,33.966567,-118.174362,274,5820.26112436
p_910590,33.966558,-118.174279,275,5827.99675116
p_910590,33.966537,-118.174104,276,5844.33730149
p_910590,33.966531,-118.174045,277,5849.83060506
p_910590,33.966516,-118.173916,278,5861.86845394
p_910590,33.966505,-118.173822,279,5870.64129406
p_910590,33.966495,-118.173726,280,5879.58278119
p_910590,33.96648,-118.173573,281,5893.82075211
p_910590,33.966458,-118.173351,282,5914.48283932
p_910590,33.966428,-118.173075,283,5940.20719982
p_910590,33.966407,-118.172882,284,5958.1959287
p_910590,33.96638,-118.172633,285,5981.40285422
p_910590,33.96637,-118.172536,286,5990.43606878
p_910590,33.966333,-118.1722,287,6021.75962108
p_910590,33.96631,-118.171986,288,6041.7016263
p_910590,33.966294,-118.171841,289,6055.21971468
p_910590,33.966275,-118.171662,290,6071.89682289
p_910590,33.9670467164738,-118.178449697802,291,6705.03496024
p_910590,33.9679843002051,-118.187822316443,292,7577.47251525
p_910590,33.968793,-118.1954,293,8283.51591139
p_910590,33.968819,-118.195657,294,8307.44192495
p_910590,33.969007,-118.197509,295,8479.86651183
p_910590,33.969038,-118.197814,296,8508.26305561
p_910590,33.969163,-118.199045,297,8622.87168065
p_910590,33.969242,-118.199821,298,8695.12150522
p_910590,33.969901,-118.199725,299,8768.7554461
p_910590,33.97038,-118.199655,300,8822.27940023
p_910590,33.970329,-118.199079,301,8875.81125928
p_910590,33.970298,-118.198737,302,8907.60433952
p_910590,33.97019,-118.197743,303,9000.24464375
p_910590,33.970151,-118.197386,304,9033.51993228
p_910590,33.970113,-118.197037,305,9066.04775575
p_910590,33.970012,-118.19631,306,9134.16267197
p_910590,33.969998,-118.196167,307,9147.4692623
p_910590,33.969857,-118.194756,308,9278.80467645
p_910590,33.969779,-118.193981,309,9350.94886762
p_910590,33.968668,-118.194176,310,9475.49376722
p_910590,33.967937,-118.194275,311,9557.09219367
p_910590,33.9674335899282,-118.194356477877,312,9613.4367972
p_910590,33.966943,-118.194439,313,9668.38576634
p_910590,33.9664047874638,-118.194522125063,314,9728.57754578
p_910590,33.966502,-118.195444,315,9814.45786555
p_910590,33.966542,-118.195822,316,9849.67362951
p_910590,33.966575,-118.196139,317,9879.19885866
p_910590,33.966642,-118.196776,318,9938.5382066
p_910590,33.966859,-118.198844,319,10131.17405184
p_910590,33.967527,-118.199551,320,10229.96497411
p_910590,33.968137,-118.200115,321,10315.37672003
p_910590,33.968121,-118.19999,322,10327.06465804
p_910590,33.968074,-118.199542,323,10368.79543295
p_910590,33.968024,-118.199072,324,10412.58516634
p_910590,33.967876,-118.197684,325,10541.90956962
p_910590,33.967843,-118.197387,326,10569.60117347
p_910590,33.967839,-118.197352,327,10572.86614648
p_910590,33.967784,-118.196831,328,10621.40170902
p_910590,33.967714,-118.196178,329,10682.24919844
p_910590,33.967643,-118.195511,330,10744.39421508
p_910590,33.967616,-118.195264,331,10767.41752899
p_910590,33.967518,-118.194341,332,10853.41090149
p_910590,33.967937,-118.194275,333,10900.2857009
p_910590,33.967797,-118.193004,334,11018.77299285
p_910590,33.967348,-118.188927,335,11398.8460512
p_910590,33.967282,-118.188334,336,11454.13799777
p_910590,33.967247,-118.188008,337,11484.51608039
p_910590,33.967176,-118.187364,338,11544.55350704
p_910590,33.967104,-118.187345,339,11552.73064466
p_910590,33.967023,-118.187323,340,11561.94250169
p_910590,33.966772,-118.187257,341,11590.44423658
p_910590,33.966689,-118.187293,342,11600.23350156
p_910590,33.966263,-118.187188,343,11648.47235884
p_910590,33.966136,-118.187157,344,11662.84782391
p_910590,33.966063,-118.187074,345,11674.00174976
p_910590,33.965931,-118.187039,346,11688.99649072
p_910590,33.965591,-118.18695,347,11727.59649306
p_910590,33.965656,-118.187556,348,11784.06637768
p_910590,33.965662,-118.187613,349,11789.37630156
p_910590,33.965676,-118.187737,350,11800.94135441
p_910590,33.965705,-118.188013,351,11826.65182439
p_910590,33.965731,-118.188246,352,11848.37838131
p_910590,33.965734,-118.188281,353,11851.63021764
p_910590,33.965763,-118.188548,354,11876.51562733
p_910590,33.965768,-118.188594,355,11880.80305416
p_910590,33.96579,-118.188795,356,11899.53943337
p_910590,33.965826,-118.189131,357,11930.84884135
p_910590,33.965842,-118.189284,358,11945.10030747
p_910590,33.965861,-118.189457,359,11961.22756629
p_910590,33.965898,-118.1898,360,11993.19277586
p_910590,33.9659,-118.189818,361,11994.8710927
p_910590,33.965918,-118.189993,362,12011.16765576
p_910590,33.965936,-118.190153,363,12026.08930113
p_910590,33.965973,-118.190498,364,12058.23780524
p_910590,33.966023,-118.190963,365,12101.57022542
p_910590,33.966025,-118.190989,366,12103.98340443
p_910590,33.966045,-118.191175,367,12121.31636513
p_910590,33.966047,-118.191194,368,12123.08633186
p_910590,33.966081,-118.19151,369,12152.53402302
p_910590,33.966095,-118.191631,370,12163.82432806
p_910590,33.966103,-118.191708,371,12170.99589269
p_910590,33.966123,-118.191896,372,12188.51217647
p_910590,33.966138,-118.192035,373,12201.46605339
p_910590,33.966153,-118.192175,374,12214.51158937
p_910590,33.966172,-118.192349,375,12230.73042385
p_910590,33.966193,-118.192544,376,12248.90250366
p_910590,33.96621,-118.192705,377,12263.90134884
p_910590,33.966227,-118.192863,378,12278.62516824
p_910590,33.966243,-118.193012,379,12292.50983732
p_910590,33.966286,-118.193413,380,12329.87643393
p_910590,33.966324,-118.193764,381,12362.58898253
p_910590,33.966406,-118.194531,382,12434.0571791
p_910590,33.965895,-118.194598,383,12491.07544443
p_910590,33.965249,-118.194682,384,12563.15023952
p_910590,33.964767,-118.194753,385,12617.01571801
p_910590,33.964309,-118.194821,386,12668.2051486
p_910590,33.964124,-118.194849,387,12688.88820514
p_910590,33.964107,-118.194679,388,12704.7129691
p_910590,33.963943,-118.193093,389,12852.42143317
p_910590,33.963907,-118.192739,390,12885.38224598
p_910590,33.963889,-118.192565,391,12901.58746308
p_910590,33.963869,-118.192368,392,12919.92961688
p_910590,33.96385,-118.192188,393,12936.69887775
p_910590,33.963832,-118.192009,394,12953.36280145
p_910590,33.963815,-118.191845,395,12968.63716907
p_910590,33.963802,-118.191718,396,12980.46325182
p_910590,33.963793,-118.191629,397,12988.74934062
p_910590,33.963727,-118.19104,398,13043.67712706
p_910590,33.963694,-118.19074,399,13071.64491507
p_910590,33.963682,-118.190638,400,13081.16567542
p_910590,33.963666,-118.190495,401,13094.50094605
p_910590,33.96365,-118.190347,402,13108.29436596
p_910590,33.963634,-118.190204,403,13121.6296415
p_910590,33.96363,-118.190167,404,13125.07799751
p_910590,33.963611,-118.189999,405,13140.74762839
p_910590,33.963603,-118.18993,406,13147.18633728
p_910590,33.963579,-118.18971,407,13167.69318499
p_910590,33.963569,-118.189627,408,13175.44417241
p_910590,33.963548,-118.189439,409,13192.97536441
p_910590,33.963514,-118.189128,410,13221.96565837
p_910590,33.963511,-118.189107,411,13223.93488736
p_910590,33.963478,-118.188807,412,13251.90274483
p_910590,33.963473,-118.188765,413,13255.823985
p_910590,33.963442,-118.18849,414,13281.47221922
p_910590,33.963423,-118.188312,415,13298.05819572
p_910590,33.963404,-118.188146,416,13313.54471458
p_910590,33.963357,-118.187729,417,13352.43669055
p_910590,33.963311,-118.187316,418,13390.94750463
p_910590,33.963202,-118.18634,419,13481.96050373
p_910590,33.962875,-118.186286,420,13518.57367164
p_910590,33.962748,-118.18631,421,13532.8343031
p_910590,33.962437,-118.186233,422,13568.05740716
p_910590,33.961976,-118.186118,423,13620.28530382
p_910590,33.961868,-118.186023,424,13635.13811817
p_910590,33.96175,-118.185989,425,13648.59883405
p_910590,33.961694,-118.185973,426,13654.98405654
p_910590,33.961427,-118.185908,427,13685.20334714
p_910590,33.961267,-118.185867,428,13703.35087965
p_910590,33.961123,-118.18583,429,13719.68559232
p_910590,33.961031,-118.185806,430,13730.12869778
p_910590,33.960873,-118.185765,431,13748.0593399
p_910590,33.960774,-118.185804,432,13759.61707931
p_910590,33.960697,-118.185778,433,13768.48968247
p_910590,33.960187,-118.185608,434,13827.20134635
p_910590,33.959895,-118.18551,435,13860.83320436
p_910590,33.959157,-118.185263,436,13945.81727216
p_910590,33.958991,-118.185208,437,13964.91913862
p_910590,33.958685,-118.185094,438,14000.45908893
p_910590,33.958626,-118.185071,439,14007.34009381
p_910590,33.958491,-118.18502,440,14023.03895501
p_910590,33.958409,-118.184928,441,14035.49044484
p_910590,33.958429,-118.184787,442,14048.71050786
p_910590,33.958447,-118.184637,443,14062.71799564
p_910590,33.958369,-118.183814,444,14139.27814718
p_910590,33.958258,-118.182644,445,14248.11975276
p_910590,33.958249,-118.182547,446,14257.14086524
p_910590,33.958193,-118.182056,447,14302.94711129
p_910590,33.958157,-118.181742,448,14332.24355985
p_910590,33.958133,-118.18153,449,14352.01874068
p_910590,33.95811,-118.181334,450,14370.31379208
p_910590,33.958064,-118.180925,451,14408.46049844
p_910590,33.957913,-118.179609,452,14531.24643343
p_910590,33.957756,-118.178056,453,14675.84336745
p_910590,33.957742,-118.17792,454,14688.5094713
p_910590,33.957715,-118.177681,455,14710.80245161
p_910590,33.957679,-118.177361,456,14740.64856426
p_910590,33.957661,-118.177168,457,14758.59905087
p_910590,33.957336,-118.177208,458,14794.8376745
p_910590,33.957287,-118.177195,459,14800.40407404
p_910590,33.957246,-118.177163,460,14805.82909911
p_910590,33.957216,-118.177125,461,14810.66749341
p_910590,33.957189,-118.177058,462,14817.5465289
p_910590,33.957056,-118.175787,463,14935.94921192
p_910590,33.957037,-118.175605,464,14952.90320115
p_910590,33.957027,-118.175514,465,14961.38726986
p_910590,33.957002,-118.175263,466,14984.75266281
p_910590,33.956987,-118.175129,467,14997.24971303
p_910590,33.956976,-118.175023,468,15007.12311538
p_910590,33.956948,-118.17476,469,15031.6301586
p_910590,33.956759,-118.17296,470,15199.32239116
p_910590,33.95765,-118.172828,471,15298.90381376
p_910590,33.95803,-118.176358,472,15627.89444564
p_910590,33.958023,-118.17643,473,15634.59456219
p_910590,33.957989,-118.176527,474,15644.3211913
p_910590,33.957861,-118.176672,475,15663.84570134
p_910590,33.957693,-118.176863,476,15689.51530343
p_910590,33.957665,-118.176937,477,15697.02727711
p_910590,33.957656,-118.177008,478,15703.6653452
p_910590,33.957661,-118.177168,479,15718.4646367
p_910590,33.957679,-118.177361,480,15736.41512331
p_910590,33.957715,-118.177681,481,15766.26123596
p_910590,33.957742,-118.17792,482,15788.55421627
p_910590,33.957756,-118.178056,483,15801.22032012
p_910590,33.95782,-118.178686,484,15859.8826329
p_910590,33.957884,-118.179326,485,15919.46251835
p_910590,33.957913,-118.179609,486,15945.81734905
p_910590,33.957955,-118.179979,487,15980.33241266
p_910590,33.958064,-118.180925,488,16068.60333461
p_910590,33.95811,-118.181334,489,16106.75004097
p_910590,33.958133,-118.18153,490,16125.04509237
p_910590,33.958157,-118.181742,491,16144.8202732
p_910590,33.958193,-118.182056,492,16174.11672176
p_910590,33.958249,-118.182547,493,16219.92296781
p_910590,33.958369,-118.183814,494,16337.78566022
p_910590,33.958447,-118.184637,495,16414.34581176
p_910590,33.958429,-118.184787,496,16428.35329954
p_910590,33.958409,-118.184928,497,16441.57336256
p_910590,33.958515,-118.184901,498,16453.59298764
p_910590,33.958815,-118.185005,499,16488.23008219
p_910590,33.959021,-118.185076,500,16512.00364169
p_910590,33.959239,-118.18515,501,16537.13328532
p_910590,33.959387,-118.1852,502,16554.18778752
p_910590,33.959513,-118.185242,503,16568.69303201
p_910590,33.960495,-118.185573,504,16681.83296966
p_910590,33.960765,-118.185665,505,16712.96559232
p_910590,33.960873,-118.185765,506,16728.09626471
p_910590,33.96085,-118.185532,507,16749.78237411
p_910590,33.960824,-118.185269,508,16774.26119776
p_910590,33.960799,-118.185025,509,16796.98328008
p_910590,33.960737,-118.184408,510,16854.42405652
p_910590,33.960718,-118.184216,511,16872.29479968
p_910590,33.960703,-118.184069,512,16885.98310846
p_910590,33.960701,-118.184047,513,16888.02857494
p_910590,33.960682,-118.183867,514,16904.79844751
p_910590,33.960673,-118.183768,515,16914.00304929
p_910590,33.960648,-118.183523,516,16936.8169104
p_910590,33.960606,-118.183105,517,16975.73142747
p_910590,33.960601,-118.183054,518,16980.47774005
p_910590,33.960594,-118.18299,519,16986.443836
p_910590,33.960592,-118.182966,520,16988.67315965
p_910590,33.960576,-118.182811,521,17003.108922
p_910590,33.960543,-118.182481,522,17033.82884128
p_910590,33.960514,-118.182188,523,17061.1004707
p_910590,33.960492,-118.181969,524,17081.48866416
p_910590,33.960487,-118.181924,525,17085.68471718
p_910590,33.960471,-118.18176,526,17100.94637719
p_910590,33.960457,-118.181637,527,17112.42053765
p_910590,33.960448,-118.181556,528,17119.9734363
p_910590,33.960438,-118.181461,529,17128.82384101
p_910590,33.960399,-118.181101,530,17162.37781177
p_910590,33.960383,-118.180955,531,17175.98845204
p_910590,33.960379,-118.180918,532,17179.43693703
p_910590,33.960363,-118.180775,533,17192.77271382
p_910590,33.960345,-118.180608,534,17208.33673196
p_910590,33.960342,-118.18058,535,17210.94601338
p_910590,33.96033,-118.180461,536,17222.02515816
p_910590,33.960325,-118.180416,537,17226.22121899
p_910590,33.960323,-118.180401,538,17227.62527137
p_910590,33.960297,-118.180162,539,17249.90295995
p_910590,33.960291,-118.180105,540,17255.21321189
p_910590,33.960272,-118.17993,541,17271.52479211
p_910590,33.960254,-118.17977,542,17286.44740855
p_910590,33.960196,-118.179233,543,17336.49636078
p_910590,33.96012,-118.178536,544,17401.46782466
p_910590,33.960101,-118.178358,545,17418.05443534
p_910590,33.960057,-118.177955,546,17455.621293
p_910590,33.960028,-118.177701,547,17479.31736003
p_910590,33.960007,-118.177541,548,17494.28817366
p_910590,33.959984,-118.177341,549,17512.94900291
p_910590,33.959962,-118.177153,550,17530.49599914
p_910590,33.959922,-118.176814,551,17562.14171268
p_910590,33.959894,-118.176506,552,17590.77850632
p_910590,33.959874,-118.176324,553,17607.74608737
p_910590,33.959863,-118.176202,554,17619.08814887
p_910590,33.959839,-118.175984,555,17639.41260051
p_910590,33.959837,-118.175971,556,17640.63447532
p_910590,33.959825,-118.175825,557,17654.19448673
p_910590,33.959804,-118.175645,558,17670.99384964
p_910590,33.959786,-118.175471,559,17687.1998328
p_910590,33.959782,-118.175429,560,17691.10709442
p_910590,33.95975,-118.175135,561,17718.51185959
p_910590,33.959747,-118.175106,562,17721.21285823
p_910590,33.959729,-118.174931,563,17737.51058022
p_910590,33.959713,-118.174786,564,17751.02969147
p_910590,33.95969,-118.174594,565,17768.95838434
p_910590,33.959684,-118.174546,566,17773.44458822
