trip_id,arrival_time,departure_time,stop_id,stop_sequence,stop_headsign,pickup_type,drop_off_type,shape_dist_traveled,timepoint,start_service_area_id,end_service_area_id,start_service_area_radius,end_service_area_radius,continuous_pickup,continuous_drop_off,pickup_booking_rule_id,drop_off_booking_rule_id,min_arrival_time,max_departure_time,mean_duration_factor,mean_duration_offset,safe_duration_factor,safe_duration_offset
t_1278318_b_27897_tn_1,10:00:00,10:00:00,2619867,1,,0,0,0,0,,,,,1,1,,,,,,,,
t_1278318_b_27897_tn_1,10:08:00,10:08:00,2619873,2,,0,0,2657.79136099489,0,,,,,1,1,,,,,,,,
t_1278318_b_27897_tn_1,10:10:00,10:10:00,2619908,3,,0,0,3674.16119841125,0,,,,,1,1,,,,,,,,
t_1278318_b_27897_tn_1,10:12:00,10:12:00,2619910,4,,0,0,4766.59364925511,0,,,,,1,1,,,,,,,,
t_1278318_b_27897_tn_1,10:16:00,10:16:00,2621553,5,,0,0,6117.57373796008,0,,,,,1,1,,,,,,,,
t_1278318_b_27897_tn_1,10:21:00,10:21:00,2622477,6,,0,0,9382.21858952427,0,,,,,1,1,,,,,,,,
t_1278318_b_27897_tn_1,10:27:00,10:27:00,2622498,7,,0,0,11775.0985224881,0,,,,,1,1,,,,,,,,
t_1278318_b_27897_tn_1,10:32:00,10:32:00,2622499,8,,0,0,14442.3141565645,0,,,,,1,1,,,,,,,,
t_1278318_b_27897_tn_1,10:35:00,10:35:00,2622500,9,,0,0,15647.5727842142,0,,,,,1,1,,,,,,,,
t_1278318_b_27897_tn_1,10:43:00,10:43:00,2622501,10,,0,0,18879.5053423732,0,,,,,1,1,,,,,,,,
t_1278318_b_27897_tn_1,10:46:00,10:46:00,2622502,11,,0,0,19943.3152615192,0,,,,,1,1,,,,,,,,
t_1278318_b_27897_tn_1,10:49:00,10:49:00,2619867,12,,0,0,23232.74742064,0,,,,,1,1,,,,,,,,
t_1278318_b_27897_tn_2,11:00:00,11:00:00,2619867,1,,0,0,0,0,,,,,1,1,,,,,,,,
t_1278318_b_27897_tn_2,11:08:00,11:08:00,2619873,2,,0,0,2657.79136099489,0,,,,,1,1,,,,,,,,
t_1278318_b_27897_tn_2,11:10:00,11:10:00,2619908,3,,0,0,3674.16119841125,0,,,,,1,1,,,,,,,,
t_1278318_b_27897_tn_2,11:12:00,11:12:00,2619910,4,,0,0,4766.59364925511,0,,,,,1,1,,,,,,,,
t_1278318_b_27897_tn_2,11:16:00,11:16:00,2621553,5,,0,0,6117.57373796008,0,,,,,1,1,,,,,,,,
t_1278318_b_27897_tn_2,11:21:00,11:21:00,2622477,6,,0,0,9382.21858952427,0,,,,,1,1,,,,,,,,
t_1278318_b_27897_tn_2,11:27:00,11:27:00,2622498,7,,0,0,11775.0985224881,0,,,,,1,1,,,,,,,,
t_1278318_b_27897_tn_2,11:32:00,11:32:00,2622499,8,,0,0,14442.3141565645,0,,,,,1,1,,,,,,,,
t_1278318_b_27897_tn_2,11:35:00,11:35:00,2622500,9,,0,0,15647.5727842142,0,,,,,1,1,,,,,,,,
t_1278318_b_27897_tn_2,11:43:00,11:43:00,2622501,10,,0,0,18879.5053423732,0,,,,,1,1,,,,,,,,
t_1278318_b_27897_tn_2,11:46:00,11:46:00,2622502,11,,0,0,19943.3152615192,0,,,,,1,1,,,,,,,,
t_1278318_b_27897_tn_2,11:49:00,11:49:00,2619867,12,,0,0,23232.74742064,0,,,,,1,1,,,,,,,,
t_1278318_b_27897_tn_3,12:00:00,12:00:00,2619867,1,,0,0,0,0,,,,,1,1,,,,,,,,
t_1278318_b_27897_tn_3,12:08:00,12:08:00,2619873,2,,0,0,2657.79136099489,0,,,,,1,1,,,,,,,,
t_1278318_b_27897_tn_3,12:10:00,12:10:00,2619908,3,,0,0,3674.16119841125,0,,,,,1,1,,,,,,,,
t_1278318_b_27897_tn_3,12:12:00,12:12:00,2619910,4,,0,0,4766.59364925511,0,,,,,1,1,,,,,,,,
t_1278318_b_27897_tn_3,12:16:00,12:16:00,2621553,5,,0,0,6117.57373796008,0,,,,,1,1,,,,,,,,
t_1278318_b_27897_tn_3,12:21:00,12:21:00,2622477,6,,0,0,9382.21858952427,0,,,,,1,1,,,,,,,,
t_1278318_b_27897_tn_3,12:27:00,12:27:00,2622498,7,,0,0,11775.0985224881,0,,,,,1,1,,,,,,,,
t_1278318_b_27897_tn_3,12:32:00,12:32:00,2622499,8,,0,0,14442.3141565645,0,,,,,1,1,,,,,,,,
t_1278318_b_27897_tn_3,12:35:00,12:35:00,2622500,9,,0,0,15647.5727842142,0,,,,,1,1,,,,,,,,
t_1278318_b_27897_tn_3,12:43:00,12:43:00,2622501,10,,0,0,18879.5053423732,0,,,,,1,1,,,,,,,,
t_1278318_b_27897_tn_3,12:46:00,12:46:00,2622502,11,,0,0,19943.3152615192,0,,,,,1,1,,,,,,,,
t_1278318_b_27897_tn_3,12:49:00,12:49:00,2619867,12,,0,0,23232.74742064,0,,,,,1,1,,,,,,,,
t_1278318_b_27897_tn_4,13:00:00,13:00:00,2619867,1,,0,0,0,0,,,,,1,1,,,,,,,,
t_1278318_b_27897_tn_4,13:08:00,13:08:00,2619873,2,,0,0,2657.79136099489,0,,,,,1,1,,,,,,,,
t_1278318_b_27897_tn_4,13:10:00,13:10:00,2619908,3,,0,0,3674.16119841125,0,,,,,1,1,,,,,,,,
t_1278318_b_27897_tn_4,13:12:00,13:12:00,2619910,4,,0,0,4766.59364925511,0,,,,,1,1,,,,,,,,
t_1278318_b_27897_tn_4,13:16:00,13:16:00,2621553,5,,0,0,6117.57373796008,0,,,,,1,1,,,,,,,,
t_1278318_b_27897_tn_4,13:21:00,13:21:00,2622477,6,,0,0,9382.21858952427,0,,,,,1,1,,,,,,,,
t_1278318_b_27897_tn_4,13:27:00,13:27:00,2622498,7,,0,0,11775.0985224881,0,,,,,1,1,,,,,,,,
t_1278318_b_27897_tn_4,13:32:00,13:32:00,2622499,8,,0,0,14442.3141565645,0,,,,,1,1,,,,,,,,
t_1278318_b_27897_tn_4,13:35:00,13:35:00,2622500,9,,0,0,15647.5727842142,0,,,,,1,1,,,,,,,,
t_1278318_b_27897_tn_4,13:43:00,13:43:00,2622501,10,,0,0,18879.5053423732,0,,,,,1,1,,,,,,,,
t_1278318_b_27897_tn_4,13:46:00,13:46:00,2622502,11,,0,0,19943.3152615192,0,,,,,1,1,,,,,,,,
t_1278318_b_27897_tn_4,13:49:00,13:49:00,2619867,12,,0,0,23232.74742064,0,,,,,1,1,,,,,,,,
t_1278318_b_27897_tn_5,14:00:00,14:00:00,2619867,1,,0,0,0,0,,,,,1,1,,,,,,,,
t_1278318_b_27897_tn_5,14:08:00,14:08:00,2619873,2,,0,0,2657.79136099489,0,,,,,1,1,,,,,,,,
t_1278318_b_27897_tn_5,14:10:00,14:10:00,2619908,3,,0,0,3674.16119841125,0,,,,,1,1,,,,,,,,
t_1278318_b_27897_tn_5,14:12:00,14:12:00,2619910,4,,0,0,4766.59364925511,0,,,,,1,1,,,,,,,,
t_1278318_b_27897_tn_5,14:16:00,14:16:00,2621553,5,,0,0,6117.57373796008,0,,,,,1,1,,,,,,,,
t_1278318_b_27897_tn_5,14:21:00,14:21:00,2622477,6,,0,0,9382.21858952427,0,,,,,1,1,,,,,,,,
t_1278318_b_27897_tn_5,14:27:00,14:27:00,2622498,7,,0,0,11775.0985224881,0,,,,,1,1,,,,,,,,
t_1278318_b_27897_tn_5,14:32:00,14:32:00,2622499,8,,0,0,14442.3141565645,0,,,,,1,1,,,,,,,,
t_1278318_b_27897_tn_5,14:35:00,14:35:00,2622500,9,,0,0,15647.5727842142,0,,,,,1,1,,,,,,,,
t_1278318_b_27897_tn_5,14:43:00,14:43:00,2622501,10,,0,0,18879.5053423732,0,,,,,1,1,,,,,,,,
t_1278318_b_27897_tn_5,14:46:00,14:46:00,2622502,11,,0,0,19943.3152615192,0,,,,,1,1,,,,,,,,
t_1278318_b_27897_tn_5,14:49:00,14:49:00,2619867,12,,0,0,23232.74742064,0,,,,,1,1,,,,,,,,
t_1278318_b_27897_tn_6,15:00:00,15:00:00,2619867,1,,0,0,0,0,,,,,1,1,,,,,,,,
t_1278318_b_27897_tn_6,15:08:00,15:08:00,2619873,2,,0,0,2657.79136099489,0,,,,,1,1,,,,,,,,
t_1278318_b_27897_tn_6,15:10:00,15:10:00,2619908,3,,0,0,3674.16119841125,0,,,,,1,1,,,,,,,,
t_1278318_b_27897_tn_6,15:12:00,15:12:00,2619910,4,,0,0,4766.59364925511,0,,,,,1,1,,,,,,,,
t_1278318_b_27897_tn_6,15:16:00,15:16:00,2621553,5,,0,0,6117.57373796008,0,,,,,1,1,,,,,,,,
t_1278318_b_27897_tn_6,15:21:00,15:21:00,2622477,6,,0,0,9382.21858952427,0,,,,,1,1,,,,,,,,
t_1278318_b_27897_tn_6,15:27:00,15:27:00,2622498,7,,0,0,11775.0985224881,0,,,,,1,1,,,,,,,,
t_1278318_b_27897_tn_6,15:32:00,15:32:00,2622499,8,,0,0,14442.3141565645,0,,,,,1,1,,,,,,,,
t_1278318_b_27897_tn_6,15:35:00,15:35:00,2622500,9,,0,0,15647.5727842142,0,,,,,1,1,,,,,,,,
t_1278318_b_27897_tn_6,15:43:00,15:43:00,2622501,10,,0,0,18879.5053423732,0,,,,,1,1,,,,,,,,
t_1278318_b_27897_tn_6,15:46:00,15:46:00,2622502,11,,0,0,19943.3152615192,0,,,,,1,1,,,,,,,,
t_1278318_b_27897_tn_6,15:49:00,15:49:00,2619867,12,,0,0,23232.74742064,0,,,,,1,1,,,,,,,,
t_1278318_b_27897_tn_7,16:00:00,16:00:00,2619867,1,,0,0,0,0,,,,,1,1,,,,,,,,
t_1278318_b_27897_tn_7,16:08:00,16:08:00,2619873,2,,0,0,2657.79136099489,0,,,,,1,1,,,,,,,,
t_1278318_b_27897_tn_7,16:10:00,16:10:00,2619908,3,,0,0,3674.16119841125,0,,,,,1,1,,,,,,,,
t_1278318_b_27897_tn_7,16:12:00,16:12:00,2619910,4,,0,0,4766.59364925511,0,,,,,1,1,,,,,,,,
t_1278318_b_27897_tn_7,16:16:00,16:16:00,2621553,5,,0,0,6117.57373796008,0,,,,,1,1,,,,,,,,
t_1278318_b_27897_tn_7,16:21:00,16:21:00,2622477,6,,0,0,9382.21858952427,0,,,,,1,1,,,,,,,,
t_1278318_b_27897_tn_7,16:27:00,16:27:00,2622498,7,,0,0,11775.0985224881,0,,,,,1,1,,,,,,,,
t_1278318_b_27897_tn_7,16:32:00,16:32:00,2622499,8,,0,0,14442.3141565645,0,,,,,1,1,,,,,,,,
t_1278318_b_27897_tn_7,16:35:00,16:35:00,2622500,9,,0,0,15647.5727842142,0,,,,,1,1,,,,,,,,
t_1278318_b_27897_tn_7,16:43:00,16:43:00,2622501,10,,0,0,18879.5053423732,0,,,,,1,1,,,,,,,,
t_1278318_b_27897_tn_7,16:46:00,16:46:00,2622502,11,,0,0,19943.3152615192,0,,,,,1,1,,,,,,,,
t_1278318_b_27897_tn_7,16:49:00,16:49:00,2619867,12,,0,0,23232.74742064,0,,,,,1,1,,,,,,,,
t_1278319_b_27897_tn_1,06:00:00,06:00:00,2619867,1,,0,0,0,0,,,,,1,1,,,,,,,,
t_1278319_b_27897_tn_1,06:08:00,06:08:00,2619873,2,,0,0,2657.79136099489,0,,,,,1,1,,,,,,,,
t_1278319_b_27897_tn_1,06:10:00,06:10:00,2619908,3,,0,0,3674.16119841125,0,,,,,1,1,,,,,,,,
t_1278319_b_27897_tn_1,06:12:00,06:12:00,2619910,4,,0,0,4766.59364925511,0,,,,,1,1,,,,,,,,
t_1278319_b_27897_tn_1,06:16:00,06:16:00,2621553,5,,0,0,6117.57373796008,0,,,,,1,1,,,,,,,,
t_1278319_b_27897_tn_1,06:21:00,06:21:00,2622477,6,,0,0,9382.21858952427,0,,,,,1,1,,,,,,,,
t_1278319_b_27897_tn_1,06:27:00,06:27:00,2622498,7,,0,0,11775.0985224881,0,,,,,1,1,,,,,,,,
t_1278319_b_27897_tn_1,06:32:00,06:32:00,2622499,8,,0,0,14442.3141565645,0,,,,,1,1,,,,,,,,
t_1278319_b_27897_tn_1,06:35:00,06:35:00,2622500,9,,0,0,15647.5727842142,0,,,,,1,1,,,,,,,,
t_1278319_b_27897_tn_1,06:43:00,06:43:00,2622501,10,,0,0,18879.5053423732,0,,,,,1,1,,,,,,,,
t_1278319_b_27897_tn_1,06:46:00,06:46:00,2622502,11,,0,0,19943.3152615192,0,,,,,1,1,,,,,,,,
t_1278319_b_27897_tn_1,06:49:00,06:49:00,2619867,12,,0,0,23232.74742064,0,,,,,1,1,,,,,,,,
t_1278319_b_27897_tn_2,07:00:00,07:00:00,2619867,1,,0,0,0,0,,,,,1,1,,,,,,,,
t_1278319_b_27897_tn_2,07:08:00,07:08:00,2619873,2,,0,0,2657.79136099489,0,,,,,1,1,,,,,,,,
t_1278319_b_27897_tn_2,07:10:00,07:10:00,2619908,3,,0,0,3674.16119841125,0,,,,,1,1,,,,,,,,
t_1278319_b_27897_tn_2,07:12:00,07:12:00,2619910,4,,0,0,4766.59364925511,0,,,,,1,1,,,,,,,,
t_1278319_b_27897_tn_2,07:16:00,07:16:00,2621553,5,,0,0,6117.57373796008,0,,,,,1,1,,,,,,,,
t_1278319_b_27897_tn_2,07:21:00,07:21:00,2622477,6,,0,0,9382.21858952427,0,,,,,1,1,,,,,,,,
t_1278319_b_27897_tn_2,07:27:00,07:27:00,2622498,7,,0,0,11775.0985224881,0,,,,,1,1,,,,,,,,
t_1278319_b_27897_tn_2,07:32:00,07:32:00,2622499,8,,0,0,14442.3141565645,0,,,,,1,1,,,,,,,,
t_1278319_b_27897_tn_2,07:35:00,07:35:00,2622500,9,,0,0,15647.5727842142,0,,,,,1,1,,,,,,,,
t_1278319_b_27897_tn_2,07:43:00,07:43:00,2622501,10,,0,0,18879.5053423732,0,,,,,1,1,,,,,,,,
t_1278319_b_27897_tn_2,07:46:00,07:46:00,2622502,11,,0,0,19943.3152615192,0,,,,,1,1,,,,,,,,
t_1278319_b_27897_tn_2,07:49:00,07:49:00,2619867,12,,0,0,23232.74742064,0,,,,,1,1,,,,,,,,
t_1278319_b_27897_tn_3,08:00:00,08:00:00,2619867,1,,0,0,0,0,,,,,1,1,,,,,,,,
t_1278319_b_27897_tn_3,08:08:00,08:08:00,2619873,2,,0,0,2657.79136099489,0,,,,,1,1,,,,,,,,
t_1278319_b_27897_tn_3,08:10:00,08:10:00,2619908,3,,0,0,3674.16119841125,0,,,,,1,1,,,,,,,,
t_1278319_b_27897_tn_3,08:12:00,08:12:00,2619910,4,,0,0,4766.59364925511,0,,,,,1,1,,,,,,,,
t_1278319_b_27897_tn_3,08:16:00,08:16:00,2621553,5,,0,0,6117.57373796008,0,,,,,1,1,,,,,,,,
t_1278319_b_27897_tn_3,08:21:00,08:21:00,2622477,6,,0,0,9382.21858952427,0,,,,,1,1,,,,,,,,
t_1278319_b_27897_tn_3,08:27:00,08:27:00,2622498,7,,0,0,11775.0985224881,0,,,,,1,1,,,,,,,,
t_1278319_b_27897_tn_3,08:32:00,08:32:00,2622499,8,,0,0,14442.3141565645,0,,,,,1,1,,,,,,,,
t_1278319_b_27897_tn_3,08:35:00,08:35:00,2622500,9,,0,0,15647.5727842142,0,,,,,1,1,,,,,,,,
t_1278319_b_27897_tn_3,08:43:00,08:43:00,2622501,10,,0,0,18879.5053423732,0,,,,,1,1,,,,,,,,
t_1278319_b_27897_tn_3,08:46:00,08:46:00,2622502,11,,0,0,19943.3152615192,0,,,,,1,1,,,,,,,,
t_1278319_b_27897_tn_3,08:49:00,08:49:00,2619867,12,,0,0,23232.74742064,0,,,,,1,1,,,,,,,,
t_1278319_b_27897_tn_4,09:00:00,09:00:00,2619867,1,,0,0,0,0,,,,,1,1,,,,,,,,
t_1278319_b_27897_tn_4,09:08:00,09:08:00,2619873,2,,0,0,2657.79136099489,0,,,,,1,1,,,,,,,,
t_1278319_b_27897_tn_4,09:10:00,09:10:00,2619908,3,,0,0,3674.16119841125,0,,,,,1,1,,,,,,,,
t_1278319_b_27897_tn_4,09:12:00,09:12:00,2619910,4,,0,0,4766.59364925511,0,,,,,1,1,,,,,,,,
t_1278319_b_27897_tn_4,09:16:00,09:16:00,2621553,5,,0,0,6117.57373796008,0,,,,,1,1,,,,,,,,
t_1278319_b_27897_tn_4,09:21:00,09:21:00,2622477,6,,0,0,9382.21858952427,0,,,,,1,1,,,,,,,,
t_1278319_b_27897_tn_4,09:27:00,09:27:00,2622498,7,,0,0,11775.0985224881,0,,,,,1,1,,,,,,,,
t_1278319_b_27897_tn_4,09:32:00,09:32:00,2622499,8,,0,0,14442.3141565645,0,,,,,1,1,,,,,,,,
t_1278319_b_27897_tn_4,09:35:00,09:35:00,2622500,9,,0,0,15647.5727842142,0,,,,,1,1,,,,,,,,
t_1278319_b_27897_tn_4,09:43:00,09:43:00,2622501,10,,0,0,18879.5053423732,0,,,,,1,1,,,,,,,,
t_1278319_b_27897_tn_4,09:46:00,09:46:00,2622502,11,,0,0,19943.3152615192,0,,,,,1,1,,,,,,,,
t_1278319_b_27897_tn_4,09:49:00,09:49:00,2619867,12,,0,0,23232.74742064,0,,,,,1,1,,,,,,,,
t_1278320_b_27897_tn_1,17:00:00,17:00:00,2619867,1,,0,0,0,0,,,,,1,1,,,,,,,,
t_1278320_b_27897_tn_1,17:08:00,17:08:00,2619873,2,,0,0,2657.79136099489,0,,,,,1,1,,,,,,,,
t_1278320_b_27897_tn_1,17:10:00,17:10:00,2619908,3,,0,0,3674.16119841125,0,,,,,1,1,,,,,,,,
t_1278320_b_27897_tn_1,17:12:00,17:12:00,2619910,4,,0,0,4766.59364925511,0,,,,,1,1,,,,,,,,
t_1278320_b_27897_tn_1,17:16:00,17:16:00,2621553,5,,0,0,6117.57373796008,0,,,,,1,1,,,,,,,,
t_1278320_b_27897_tn_1,17:21:00,17:21:00,2622477,6,,0,0,9382.21858952427,0,,,,,1,1,,,,,,,,
t_1278320_b_27897_tn_1,17:27:00,17:27:00,2622498,7,,0,0,11775.0985224881,0,,,,,1,1,,,,,,,,
t_1278320_b_27897_tn_1,17:32:00,17:32:00,2622499,8,,0,0,14442.3141565645,0,,,,,1,1,,,,,,,,
t_1278320_b_27897_tn_1,17:35:00,17:35:00,2622500,9,,0,0,15647.5727842142,0,,,,,1,1,,,,,,,,
t_1278320_b_27897_tn_1,17:43:00,17:43:00,2622501,10,,0,0,18879.5053423732,0,,,,,1,1,,,,,,,,
t_1278320_b_27897_tn_1,17:46:00,17:46:00,2622502,11,,0,0,19943.3152615192,0,,,,,1,1,,,,,,,,
t_1278320_b_27897_tn_1,17:49:00,17:49:00,2619867,12,,0,0,23232.74742064,0,,,,,1,1,,,,,,,,
t_1278320_b_27897_tn_2,18:00:00,18:00:00,2619867,1,,0,0,0,0,,,,,1,1,,,,,,,,
t_1278320_b_27897_tn_2,18:08:00,18:08:00,2619873,2,,0,0,2657.79136099489,0,,,,,1,1,,,,,,,,
t_1278320_b_27897_tn_2,18:10:00,18:10:00,2619908,3,,0,0,3674.16119841125,0,,,,,1,1,,,,,,,,
t_1278320_b_27897_tn_2,18:12:00,18:12:00,2619910,4,,0,0,4766.59364925511,0,,,,,1,1,,,,,,,,
t_1278320_b_27897_tn_2,18:16:00,18:16:00,2621553,5,,0,0,6117.57373796008,0,,,,,1,1,,,,,,,,
t_1278320_b_27897_tn_2,18:21:00,18:21:00,2622477,6,,0,0,9382.21858952427,0,,,,,1,1,,,,,,,,
t_1278320_b_27897_tn_2,18:27:00,18:27:00,2622498,7,,0,0,11775.0985224881,0,,,,,1,1,,,,,,,,
t_1278320_b_27897_tn_2,18:32:00,18:32:00,2622499,8,,0,0,14442.3141565645,0,,,,,1,1,,,,,,,,
t_1278320_b_27897_tn_2,18:35:00,18:35:00,2622500,9,,0,0,15647.5727842142,0,,,,,1,1,,,,,,,,
t_1278320_b_27897_tn_2,18:43:00,18:43:00,2622501,10,,0,0,18879.5053423732,0,,,,,1,1,,,,,,,,
t_1278320_b_27897_tn_2,18:46:00,18:46:00,2622502,11,,0,0,19943.3152615192,0,,,,,1,1,,,,,,,,
t_1278320_b_27897_tn_2,18:49:00,18:49:00,2619867,12,,0,0,23232.74742064,0,,,,,1,1,,,,,,,,
t_1278320_b_27897_tn_3,19:00:00,19:00:00,2619867,1,,0,0,0,0,,,,,1,1,,,,,,,,
t_1278320_b_27897_tn_3,19:08:00,19:08:00,2619873,2,,0,0,2657.79136099489,0,,,,,1,1,,,,,,,,
t_1278320_b_27897_tn_3,19:10:00,19:10:00,2619908,3,,0,0,3674.16119841125,0,,,,,1,1,,,,,,,,
t_1278320_b_27897_tn_3,19:12:00,19:12:00,2619910,4,,0,0,4766.59364925511,0,,,,,1,1,,,,,,,,
t_1278320_b_27897_tn_3,19:16:00,19:16:00,2621553,5,,0,0,6117.57373796008,0,,,,,1,1,,,,,,,,
t_1278320_b_27897_tn_3,19:21:00,19:21:00,2622477,6,,0,0,9382.21858952427,0,,,,,1,1,,,,,,,,
t_1278320_b_27897_tn_3,19:27:00,19:27:00,2622498,7,,0,0,11775.0985224881,0,,,,,1,1,,,,,,,,
t_1278320_b_27897_tn_3,19:32:00,19:32:00,2622499,8,,0,0,14442.3141565645,0,,,,,1,1,,,,,,,,
t_1278320_b_27897_tn_3,19:35:00,19:35:00,2622500,9,,0,0,15647.5727842142,0,,,,,1,1,,,,,,,,
t_1278320_b_27897_tn_3,19:43:00,19:43:00,2622501,10,,0,0,18879.5053423732,0,,,,,1,1,,,,,,,,
t_1278320_b_27897_tn_3,19:46:00,19:46:00,2622502,11,,0,0,19943.3152615192,0,,,,,1,1,,,,,,,,
t_1278320_b_27897_tn_3,19:49:00,19:49:00,2619867,12,,0,0,23232.74742064,0,,,,,1,1,,,,,,,,
t_1278320_b_27897_tn_4,20:00:00,20:00:00,2619867,1,,0,0,0,0,,,,,1,1,,,,,,,,
t_1278320_b_27897_tn_4,20:08:00,20:08:00,2619873,2,,0,0,2657.79136099489,0,,,,,1,1,,,,,,,,
t_1278320_b_27897_tn_4,20:10:00,20:10:00,2619908,3,,0,0,3674.16119841125,0,,,,,1,1,,,,,,,,
t_1278320_b_27897_tn_4,20:12:00,20:12:00,2619910,4,,0,0,4766.59364925511,0,,,,,1,1,,,,,,,,
t_1278320_b_27897_tn_4,20:16:00,20:16:00,2621553,5,,0,0,6117.57373796008,0,,,,,1,1,,,,,,,,
t_1278320_b_27897_tn_4,20:21:00,20:21:00,2622477,6,,0,0,9382.21858952427,0,,,,,1,1,,,,,,,,
t_1278320_b_27897_tn_4,20:27:00,20:27:00,2622498,7,,0,0,11775.0985224881,0,,,,,1,1,,,,,,,,
t_1278320_b_27897_tn_4,20:32:00,20:32:00,2622499,8,,0,0,14442.3141565645,0,,,,,1,1,,,,,,,,
t_1278320_b_27897_tn_4,20:35:00,20:35:00,2622500,9,,0,0,15647.5727842142,0,,,,,1,1,,,,,,,,
t_1278320_b_27897_tn_4,20:43:00,20:43:00,2622501,10,,0,0,18879.5053423732,0,,,,,1,1,,,,,,,,
t_1278320_b_27897_tn_4,20:46:00,20:46:00,2622502,11,,0,0,19943.3152615192,0,,,,,1,1,,,,,,,,
t_1278320_b_27897_tn_4,20:49:00,20:49:00,2619867,12,,0,0,23232.74742064,0,,,,,1,1,,,,,,,,
t_1279799_b_27897_tn_1,10:00:00,10:00:00,2619867,1,,0,0,0,0,,,,,1,1,,,,,,,,
t_1279799_b_27897_tn_1,10:06:00,10:06:00,2623619,2,,0,0,3000.80692661228,0,,,,,1,1,,,,,,,,
t_1279799_b_27897_tn_1,10:08:00,10:08:00,2623620,3,,0,0,3695.00797715278,0,,,,,1,1,,,,,,,,
t_1279799_b_27897_tn_1,10:10:00,10:10:00,2623622,4,,0,0,4661.63394564335,0,,,,,1,1,,,,,,,,
t_1279799_b_27897_tn_1,10:16:00,10:16:00,2623624,5,,0,0,7832.35283916635,0,,,,,1,1,,,,,,,,
t_1279799_b_27897_tn_1,10:20:00,10:20:00,2623625,6,,0,0,9009.06501870775,0,,,,,1,1,,,,,,,,
t_1279799_b_27897_tn_1,10:26:00,10:26:00,2621553,7,,0,0,11922.9271823398,0,,,,,1,1,,,,,,,,
t_1279799_b_27897_tn_1,10:32:00,10:32:00,2622477,8,,0,0,15186.5843396704,0,,,,,1,1,,,,,,,,
t_1279799_b_27897_tn_1,10:40:00,10:40:00,2623626,9,,0,0,18586.9863792068,0,,,,,1,1,,,,,,,,
t_1279799_b_27897_tn_1,10:43:00,10:43:00,2619872,10,,0,0,19585.5285585039,0,,,,,1,1,,,,,,,,
t_1279799_b_27897_tn_1,10:46:00,10:46:00,2619867,11,,0,0,21972.81917909,0,,,,,1,1,,,,,,,,
t_1279799_b_27897_tn_2,11:00:00,11:00:00,2619867,1,,0,0,0,0,,,,,1,1,,,,,,,,
t_1279799_b_27897_tn_2,11:06:00,11:06:00,2623619,2,,0,0,3000.80692661228,0,,,,,1,1,,,,,,,,
t_1279799_b_27897_tn_2,11:08:00,11:08:00,2623620,3,,0,0,3695.00797715278,0,,,,,1,1,,,,,,,,
t_1279799_b_27897_tn_2,11:10:00,11:10:00,2623622,4,,0,0,4661.63394564335,0,,,,,1,1,,,,,,,,
t_1279799_b_27897_tn_2,11:16:00,11:16:00,2623624,5,,0,0,7832.35283916635,0,,,,,1,1,,,,,,,,
t_1279799_b_27897_tn_2,11:20:00,11:20:00,2623625,6,,0,0,9009.06501870775,0,,,,,1,1,,,,,,,,
t_1279799_b_27897_tn_2,11:26:00,11:26:00,2621553,7,,0,0,11922.9271823398,0,,,,,1,1,,,,,,,,
t_1279799_b_27897_tn_2,11:32:00,11:32:00,2622477,8,,0,0,15186.5843396704,0,,,,,1,1,,,,,,,,
t_1279799_b_27897_tn_2,11:40:00,11:40:00,2623626,9,,0,0,18586.9863792068,0,,,,,1,1,,,,,,,,
t_1279799_b_27897_tn_2,11:43:00,11:43:00,2619872,10,,0,0,19585.5285585039,0,,,,,1,1,,,,,,,,
t_1279799_b_27897_tn_2,11:46:00,11:46:00,2619867,11,,0,0,21972.81917909,0,,,,,1,1,,,,,,,,
t_1279799_b_27897_tn_3,12:00:00,12:00:00,2619867,1,,0,0,0,0,,,,,1,1,,,,,,,,
t_1279799_b_27897_tn_3,12:06:00,12:06:00,2623619,2,,0,0,3000.80692661228,0,,,,,1,1,,,,,,,,
t_1279799_b_27897_tn_3,12:08:00,12:08:00,2623620,3,,0,0,3695.00797715278,0,,,,,1,1,,,,,,,,
t_1279799_b_27897_tn_3,12:10:00,12:10:00,2623622,4,,0,0,4661.63394564335,0,,,,,1,1,,,,,,,,
t_1279799_b_27897_tn_3,12:16:00,12:16:00,2623624,5,,0,0,7832.35283916635,0,,,,,1,1,,,,,,,,
t_1279799_b_27897_tn_3,12:20:00,12:20:00,2623625,6,,0,0,9009.06501870775,0,,,,,1,1,,,,,,,,
t_1279799_b_27897_tn_3,12:26:00,12:26:00,2621553,7,,0,0,11922.9271823398,0,,,,,1,1,,,,,,,,
t_1279799_b_27897_tn_3,12:32:00,12:32:00,2622477,8,,0,0,15186.5843396704,0,,,,,1,1,,,,,,,,
t_1279799_b_27897_tn_3,12:40:00,12:40:00,2623626,9,,0,0,18586.9863792068,0,,,,,1,1,,,,,,,,
t_1279799_b_27897_tn_3,12:43:00,12:43:00,2619872,10,,0,0,19585.5285585039,0,,,,,1,1,,,,,,,,
t_1279799_b_27897_tn_3,12:46:00,12:46:00,2619867,11,,0,0,21972.81917909,0,,,,,1,1,,,,,,,,
t_1279799_b_27897_tn_4,13:00:00,13:00:00,2619867,1,,0,0,0,0,,,,,1,1,,,,,,,,
t_1279799_b_27897_tn_4,13:06:00,13:06:00,2623619,2,,0,0,3000.80692661228,0,,,,,1,1,,,,,,,,
t_1279799_b_27897_tn_4,13:08:00,13:08:00,2623620,3,,0,0,3695.00797715278,0,,,,,1,1,,,,,,,,
t_1279799_b_27897_tn_4,13:10:00,13:10:00,2623622,4,,0,0,4661.63394564335,0,,,,,1,1,,,,,,,,
t_1279799_b_27897_tn_4,13:16:00,13:16:00,2623624,5,,0,0,7832.35283916635,0,,,,,1,1,,,,,,,,
t_1279799_b_27897_tn_4,13:20:00,13:20:00,2623625,6,,0,0,9009.06501870775,0,,,,,1,1,,,,,,,,
t_1279799_b_27897_tn_4,13:26:00,13:26:00,2621553,7,,0,0,11922.9271823398,0,,,,,1,1,,,,,,,,
t_1279799_b_27897_tn_4,13:32:00,13:32:00,2622477,8,,0,0,15186.5843396704,0,,,,,1,1,,,,,,,,
t_1279799_b_27897_tn_4,13:40:00,13:40:00,2623626,9,,0,0,18586.9863792068,0,,,,,1,1,,,,,,,,
t_1279799_b_27897_tn_4,13:43:00,13:43:00,2619872,10,,0,0,19585.5285585039,0,,,,,1,1,,,,,,,,
t_1279799_b_27897_tn_4,13:46:00,13:46:00,2619867,11,,0,0,21972.81917909,0,,,,,1,1,,,,,,,,
t_1279799_b_27897_tn_5,14:00:00,14:00:00,2619867,1,,0,0,0,0,,,,,1,1,,,,,,,,
t_1279799_b_27897_tn_5,14:06:00,14:06:00,2623619,2,,0,0,3000.80692661228,0,,,,,1,1,,,,,,,,
t_1279799_b_27897_tn_5,14:08:00,14:08:00,2623620,3,,0,0,3695.00797715278,0,,,,,1,1,,,,,,,,
t_1279799_b_27897_tn_5,14:10:00,14:10:00,2623622,4,,0,0,4661.63394564335,0,,,,,1,1,,,,,,,,
t_1279799_b_27897_tn_5,14:16:00,14:16:00,2623624,5,,0,0,7832.35283916635,0,,,,,1,1,,,,,,,,
t_1279799_b_27897_tn_5,14:20:00,14:20:00,2623625,6,,0,0,9009.06501870775,0,,,,,1,1,,,,,,,,
t_1279799_b_27897_tn_5,14:26:00,14:26:00,2621553,7,,0,0,11922.9271823398,0,,,,,1,1,,,,,,,,
t_1279799_b_27897_tn_5,14:32:00,14:32:00,2622477,8,,0,0,15186.5843396704,0,,,,,1,1,,,,,,,,
t_1279799_b_27897_tn_5,14:40:00,14:40:00,2623626,9,,0,0,18586.9863792068,0,,,,,1,1,,,,,,,,
t_1279799_b_27897_tn_5,14:43:00,14:43:00,2619872,10,,0,0,19585.5285585039,0,,,,,1,1,,,,,,,,
t_1279799_b_27897_tn_5,14:46:00,14:46:00,2619867,11,,0,0,21972.81917909,0,,,,,1,1,,,,,,,,
t_1279799_b_27897_tn_6,15:00:00,15:00:00,2619867,1,,0,0,0,0,,,,,1,1,,,,,,,,
t_1279799_b_27897_tn_6,15:06:00,15:06:00,2623619,2,,0,0,3000.80692661228,0,,,,,1,1,,,,,,,,
t_1279799_b_27897_tn_6,15:08:00,15:08:00,2623620,3,,0,0,3695.00797715278,0,,,,,1,1,,,,,,,,
t_1279799_b_27897_tn_6,15:10:00,15:10:00,2623622,4,,0,0,4661.63394564335,0,,,,,1,1,,,,,,,,
t_1279799_b_27897_tn_6,15:16:00,15:16:00,2623624,5,,0,0,7832.35283916635,0,,,,,1,1,,,,,,,,
t_1279799_b_27897_tn_6,15:20:00,15:20:00,2623625,6,,0,0,9009.06501870775,0,,,,,1,1,,,,,,,,
t_1279799_b_27897_tn_6,15:26:00,15:26:00,2621553,7,,0,0,11922.9271823398,0,,,,,1,1,,,,,,,,
t_1279799_b_27897_tn_6,15:32:00,15:32:00,2622477,8,,0,0,15186.5843396704,0,,,,,1,1,,,,,,,,
t_1279799_b_27897_tn_6,15:40:00,15:40:00,2623626,9,,0,0,18586.9863792068,0,,,,,1,1,,,,,,,,
t_1279799_b_27897_tn_6,15:43:00,15:43:00,2619872,10,,0,0,19585.5285585039,0,,,,,1,1,,,,,,,,
t_1279799_b_27897_tn_6,15:46:00,15:46:00,2619867,11,,0,0,21972.81917909,0,,,,,1,1,,,,,,,,
t_1279799_b_27897_tn_7,16:00:00,16:00:00,2619867,1,,0,0,0,0,,,,,1,1,,,,,,,,
t_1279799_b_27897_tn_7,16:06:00,16:06:00,2623619,2,,0,0,3000.80692661228,0,,,,,1,1,,,,,,,,
t_1279799_b_27897_tn_7,16:08:00,16:08:00,2623620,3,,0,0,3695.00797715278,0,,,,,1,1,,,,,,,,
t_1279799_b_27897_tn_7,16:10:00,16:10:00,2623622,4,,0,0,4661.63394564335,0,,,,,1,1,,,,,,,,
t_1279799_b_27897_tn_7,16:16:00,16:16:00,2623624,5,,0,0,7832.35283916635,0,,,,,1,1,,,,,,,,
t_1279799_b_27897_tn_7,16:20:00,16:20:00,2623625,6,,0,0,9009.06501870775,0,,,,,1,1,,,,,,,,
t_1279799_b_27897_tn_7,16:26:00,16:26:00,2621553,7,,0,0,11922.9271823398,0,,,,,1,1,,,,,,,,
t_1279799_b_27897_tn_7,16:32:00,16:32:00,2622477,8,,0,0,15186.5843396704,0,,,,,1,1,,,,,,,,
t_1279799_b_27897_tn_7,16:40:00,16:40:00,2623626,9,,0,0,18586.9863792068,0,,,,,1,1,,,,,,,,
t_1279799_b_27897_tn_7,16:43:00,16:43:00,2619872,10,,0,0,19585.5285585039,0,,,,,1,1,,,,,,,,
t_1279799_b_27897_tn_7,16:46:00,16:46:00,2619867,11,,0,0,21972.81917909,0,,,,,1,1,,,,,,,,
t_1279800_b_27897_tn_1,06:00:00,06:00:00,2619867,1,,0,0,0,0,,,,,1,1,,,,,,,,
t_1279800_b_27897_tn_1,06:06:00,06:06:00,2623619,2,,0,0,3000.80692661228,0,,,,,1,1,,,,,,,,
t_1279800_b_27897_tn_1,06:08:00,06:08:00,2623620,3,,0,0,3695.00797715278,0,,,,,1,1,,,,,,,,
t_1279800_b_27897_tn_1,06:10:00,06:10:00,2623622,4,,0,0,4661.63394564335,0,,,,,1,1,,,,,,,,
t_1279800_b_27897_tn_1,06:16:00,06:16:00,2623624,5,,0,0,7832.35283916635,0,,,,,1,1,,,,,,,,
t_1279800_b_27897_tn_1,06:20:00,06:20:00,2623625,6,,0,0,9009.06501870775,0,,,,,1,1,,,,,,,,
t_1279800_b_27897_tn_1,06:26:00,06:26:00,2621553,7,,0,0,11922.9271823398,0,,,,,1,1,,,,,,,,
t_1279800_b_27897_tn_1,06:32:00,06:32:00,2622477,8,,0,0,15186.5843396704,0,,,,,1,1,,,,,,,,
t_1279800_b_27897_tn_1,06:40:00,06:40:00,2623626,9,,0,0,18586.9863792068,0,,,,,1,1,,,,,,,,
t_1279800_b_27897_tn_1,06:43:00,06:43:00,2619872,10,,0,0,19585.5285585039,0,,,,,1,1,,,,,,,,
t_1279800_b_27897_tn_1,06:46:00,06:46:00,2619867,11,,0,0,21972.81917909,0,,,,,1,1,,,,,,,,
t_1279800_b_27897_tn_2,07:00:00,07:00:00,2619867,1,,0,0,0,0,,,,,1,1,,,,,,,,
t_1279800_b_27897_tn_2,07:06:00,07:06:00,2623619,2,,0,0,3000.80692661228,0,,,,,1,1,,,,,,,,
t_1279800_b_27897_tn_2,07:08:00,07:08:00,2623620,3,,0,0,3695.00797715278,0,,,,,1,1,,,,,,,,
t_1279800_b_27897_tn_2,07:10:00,07:10:00,2623622,4,,0,0,4661.63394564335,0,,,,,1,1,,,,,,,,
t_1279800_b_27897_tn_2,07:16:00,07:16:00,2623624,5,,0,0,7832.35283916635,0,,,,,1,1,,,,,,,,
t_1279800_b_27897_tn_2,07:20:00,07:20:00,2623625,6,,0,0,9009.06501870775,0,,,,,1,1,,,,,,,,
t_1279800_b_27897_tn_2,07:26:00,07:26:00,2621553,7,,0,0,11922.9271823398,0,,,,,1,1,,,,,,,,
t_1279800_b_27897_tn_2,07:32:00,07:32:00,2622477,8,,0,0,15186.5843396704,0,,,,,1,1,,,,,,,,
t_1279800_b_27897_tn_2,07:40:00,07:40:00,2623626,9,,0,0,18586.9863792068,0,,,,,1,1,,,,,,,,
t_1279800_b_27897_tn_2,07:43:00,07:43:00,2619872,10,,0,0,19585.5285585039,0,,,,,1,1,,,,,,,,
t_1279800_b_27897_tn_2,07:46:00,07:46:00,2619867,11,,0,0,21972.81917909,0,,,,,1,1,,,,,,,,
t_1279800_b_27897_tn_3,08:00:00,08:00:00,2619867,1,,0,0,0,0,,,,,1,1,,,,,,,,
t_1279800_b_27897_tn_3,08:06:00,08:06:00,2623619,2,,0,0,3000.80692661228,0,,,,,1,1,,,,,,,,
t_1279800_b_27897_tn_3,08:08:00,08:08:00,2623620,3,,0,0,3695.00797715278,0,,,,,1,1,,,,,,,,
t_1279800_b_27897_tn_3,08:10:00,08:10:00,2623622,4,,0,0,4661.63394564335,0,,,,,1,1,,,,,,,,
t_1279800_b_27897_tn_3,08:16:00,08:16:00,2623624,5,,0,0,7832.35283916635,0,,,,,1,1,,,,,,,,
t_1279800_b_27897_tn_3,08:20:00,08:20:00,2623625,6,,0,0,9009.06501870775,0,,,,,1,1,,,,,,,,
t_1279800_b_27897_tn_3,08:26:00,08:26:00,2621553,7,,0,0,11922.9271823398,0,,,,,1,1,,,,,,,,
t_1279800_b_27897_tn_3,08:32:00,08:32:00,2622477,8,,0,0,15186.5843396704,0,,,,,1,1,,,,,,,,
t_1279800_b_27897_tn_3,08:40:00,08:40:00,2623626,9,,0,0,18586.9863792068,0,,,,,1,1,,,,,,,,
t_1279800_b_27897_tn_3,08:43:00,08:43:00,2619872,10,,0,0,19585.5285585039,0,,,,,1,1,,,,,,,,
t_1279800_b_27897_tn_3,08:46:00,08:46:00,2619867,11,,0,0,21972.81917909,0,,,,,1,1,,,,,,,,
t_1279800_b_27897_tn_4,09:00:00,09:00:00,2619867,1,,0,0,0,0,,,,,1,1,,,,,,,,
t_1279800_b_27897_tn_4,09:06:00,09:06:00,2623619,2,,0,0,3000.80692661228,0,,,,,1,1,,,,,,,,
t_1279800_b_27897_tn_4,09:08:00,09:08:00,2623620,3,,0,0,3695.00797715278,0,,,,,1,1,,,,,,,,
t_1279800_b_27897_tn_4,09:10:00,09:10:00,2623622,4,,0,0,4661.63394564335,0,,,,,1,1,,,,,,,,
t_1279800_b_27897_tn_4,09:16:00,09:16:00,2623624,5,,0,0,7832.35283916635,0,,,,,1,1,,,,,,,,
t_1279800_b_27897_tn_4,09:20:00,09:20:00,2623625,6,,0,0,9009.06501870775,0,,,,,1,1,,,,,,,,
t_1279800_b_27897_tn_4,09:26:00,09:26:00,2621553,7,,0,0,11922.9271823398,0,,,,,1,1,,,,,,,,
t_1279800_b_27897_tn_4,09:32:00,09:32:00,2622477,8,,0,0,15186.5843396704,0,,,,,1,1,,,,,,,,
t_1279800_b_27897_tn_4,09:40:00,09:40:00,2623626,9,,0,0,18586.9863792068,0,,,,,1,1,,,,,,,,
t_1279800_b_27897_tn_4,09:43:00,09:43:00,2619872,10,,0,0,19585.5285585039,0,,,,,1,1,,,,,,,,
t_1279800_b_27897_tn_4,09:46:00,09:46:00,2619867,11,,0,0,21972.81917909,0,,,,,1,1,,,,,,,,
t_1279801_b_27897_tn_1,17:00:00,17:00:00,2619867,1,,0,0,0,0,,,,,1,1,,,,,,,,
t_1279801_b_27897_tn_1,17:06:00,17:06:00,2623619,2,,0,0,3000.80692661228,0,,,,,1,1,,,,,,,,
t_1279801_b_27897_tn_1,17:08:00,17:08:00,2623620,3,,0,0,3695.00797715278,0,,,,,1,1,,,,,,,,
t_1279801_b_27897_tn_1,17:10:00,17:10:00,2623622,4,,0,0,4661.63394564335,0,,,,,1,1,,,,,,,,
t_1279801_b_27897_tn_1,17:16:00,17:16:00,2623624,5,,0,0,7832.35283916635,0,,,,,1,1,,,,,,,,
t_1279801_b_27897_tn_1,17:20:00,17:20:00,2623625,6,,0,0,9009.06501870775,0,,,,,1,1,,,,,,,,
t_1279801_b_27897_tn_1,17:26:00,17:26:00,2621553,7,,0,0,11922.9271823398,0,,,,,1,1,,,,,,,,
t_1279801_b_27897_tn_1,17:32:00,17:32:00,2622477,8,,0,0,15186.5843396704,0,,,,,1,1,,,,,,,,
t_1279801_b_27897_tn_1,17:40:00,17:40:00,2623626,9,,0,0,18586.9863792068,0,,,,,1,1,,,,,,,,
t_1279801_b_27897_tn_1,17:43:00,17:43:00,2619872,10,,0,0,19585.5285585039,0,,,,,1,1,,,,,,,,
t_1279801_b_27897_tn_1,17:46:00,17:46:00,2619867,11,,0,0,21972.81917909,0,,,,,1,1,,,,,,,,
t_1279801_b_27897_tn_2,18:00:00,18:00:00,2619867,1,,0,0,0,0,,,,,1,1,,,,,,,,
t_1279801_b_27897_tn_2,18:06:00,18:06:00,2623619,2,,0,0,3000.80692661228,0,,,,,1,1,,,,,,,,
t_1279801_b_27897_tn_2,18:08:00,18:08:00,2623620,3,,0,0,3695.00797715278,0,,,,,1,1,,,,,,,,
t_1279801_b_27897_tn_2,18:10:00,18:10:00,2623622,4,,0,0,4661.63394564335,0,,,,,1,1,,,,,,,,
t_1279801_b_27897_tn_2,18:16:00,18:16:00,2623624,5,,0,0,7832.35283916635,0,,,,,1,1,,,,,,,,
t_1279801_b_27897_tn_2,18:20:00,18:20:00,2623625,6,,0,0,9009.06501870775,0,,,,,1,1,,,,,,,,
t_1279801_b_27897_tn_2,18:26:00,18:26:00,2621553,7,,0,0,11922.9271823398,0,,,,,1,1,,,,,,,,
t_1279801_b_27897_tn_2,18:32:00,18:32:00,2622477,8,,0,0,15186.5843396704,0,,,,,1,1,,,,,,,,
t_1279801_b_27897_tn_2,18:40:00,18:40:00,2623626,9,,0,0,18586.9863792068,0,,,,,1,1,,,,,,,,
t_1279801_b_27897_tn_2,18:43:00,18:43:00,2619872,10,,0,0,19585.5285585039,0,,,,,1,1,,,,,,,,
t_1279801_b_27897_tn_2,18:46:00,18:46:00,2619867,11,,0,0,21972.81917909,0,,,,,1,1,,,,,,,,
t_1279801_b_27897_tn_3,19:00:00,19:00:00,2619867,1,,0,0,0,0,,,,,1,1,,,,,,,,
t_1279801_b_27897_tn_3,19:06:00,19:06:00,2623619,2,,0,0,3000.80692661228,0,,,,,1,1,,,,,,,,
t_1279801_b_27897_tn_3,19:08:00,19:08:00,2623620,3,,0,0,3695.00797715278,0,,,,,1,1,,,,,,,,
t_1279801_b_27897_tn_3,19:10:00,19:10:00,2623622,4,,0,0,4661.63394564335,0,,,,,1,1,,,,,,,,
t_1279801_b_27897_tn_3,19:16:00,19:16:00,2623624,5,,0,0,7832.35283916635,0,,,,,1,1,,,,,,,,
t_1279801_b_27897_tn_3,19:20:00,19:20:00,2623625,6,,0,0,9009.06501870775,0,,,,,1,1,,,,,,,,
t_1279801_b_27897_tn_3,19:26:00,19:26:00,2621553,7,,0,0,11922.9271823398,0,,,,,1,1,,,,,,,,
t_1279801_b_27897_tn_3,19:32:00,19:32:00,2622477,8,,0,0,15186.5843396704,0,,,,,1,1,,,,,,,,
t_1279801_b_27897_tn_3,19:40:00,19:40:00,2623626,9,,0,0,18586.9863792068,0,,,,,1,1,,,,,,,,
t_1279801_b_27897_tn_3,19:43:00,19:43:00,2619872,10,,0,0,19585.5285585039,0,,,,,1,1,,,,,,,,
t_1279801_b_27897_tn_3,19:46:00,19:46:00,2619867,11,,0,0,21972.81917909,0,,,,,1,1,,,,,,,,
