shape_id,shape_pt_lat,shape_pt_lon,shape_pt_sequence,shape_dist_traveled
p_914785,33.9798742962262,-118.206299299389,1,0
p_914785,33.9796353476265,-118.206293704137,2,26.50970402
p_914785,33.9786484000703,-118.206269850013,3,136.00609988
p_914785,33.9783657511871,-118.206261102691,4,167.36849713
p_914785,33.9780223960818,-118.206246844925,5,205.4769121
p_914785,33.9775853114225,-118.206231573248,6,253.9797452
p_914785,33.9773363778061,-118.206224021334,7,281.60077203
p_914785,33.9770623843308,-118.206206776332,8,312.03442086
p_914785,33.9768009241248,-118.20619733644,9,341.04921833
p_914785,33.9765527197231,-118.206187643114,10,368.59510664
p_914785,33.9763491866759,-118.206187643114,11,391.17139131
p_914785,33.9763570148793,-118.206136667697,12,395.96140943
p_914785,33.976403984083,-118.206066812496,13,404.25687116
p_914785,33.9764290343141,-118.206015837079,14,409.72596564
p_914785,33.9764305999527,-118.20594220592,15,416.53245863
p_914785,33.976434,-118.205934,16,417.37937701
p_914785,33.976434,-118.205923,17,418.3958902
p_914785,33.976411,-118.20566,18,442.83333421
p_914785,33.976304,-118.204716,19,530.87240783
p_914785,33.976292,-118.20461,20,540.75793639
p_914785,33.976257,-118.204337,21,566.28296011
p_914785,33.976234,-118.2042,22,579.19769068
p_914785,33.974859,-118.203943,23,733.55341158
p_914785,33.97468,-118.20391,24,753.64127092
p_914785,33.974498,-118.203876,25,774.07210962
p_914785,33.973747,-118.203737,26,858.35904259
p_914785,33.972488,-118.203292,27,1003.93894587
p_914785,33.972165,-118.20335,28,1040.16544494
p_914785,33.971993,-118.203381,29,1059.45790573
p_914785,33.971886,-118.2034,30,1071.45572984
p_914785,33.971672,-118.203433,31,1095.38811878
p_914785,33.971629,-118.20344,32,1100.20142966
p_914785,33.971367,-118.203483,33,1129.53339518
p_914785,33.971294,-118.203495,34,1137.70628126
p_914785,33.971267,-118.203499,35,1140.72389948
p_914785,33.971238,-118.203503,36,1143.96180462
p_914785,33.971053,-118.20353,37,1164.63349908
p_914785,33.971067,-118.203664,38,1177.11424337
p_914785,33.971053,-118.20353,39,1189.59498766
p_914785,33.970895,-118.203556,40,1207.28459205
p_914785,33.970687,-118.203589,41,1230.55703091
p_914785,33.970435,-118.20363,42,1258.7649842
p_914785,33.970235,-118.203663,43,1281.15800308
p_914785,33.970074,-118.203693,44,1299.2303548
p_914785,33.969878,-118.20373,45,1321.23830318
p_914785,33.969612,-118.203773,46,1351.0099287
p_914785,33.969431,-118.203802,47,1371.26487905
p_914785,33.969261,-118.203826,48,1390.251591
p_914785,33.96909,-118.203849,49,1409.33795638
p_914785,33.968791,-118.20389,50,1442.7193347
p_914785,33.968694,-118.203904,51,1453.55626797
p_914785,33.968607,-118.203916,52,1463.26998318
p_914785,33.968442,-118.203941,53,1481.71734445
p_914785,33.968243,-118.203972,54,1503.97593761
p_914785,33.967979,-118.204013,55,1533.50343356
p_914785,33.96779,-118.204042,56,1554.63828321
p_914785,33.967616,-118.204069,57,1574.09931819
p_914785,33.967394,-118.204103,58,1598.92363649
p_914785,33.967159,-118.204137,59,1625.17897385
p_914785,33.966962,-118.204166,60,1647.19432173
p_914785,33.966802,-118.20419,61,1665.07988035
p_914785,33.966633,-118.204214,62,1683.95643444
p_914785,33.966341,-118.204257,63,1716.58849225
p_914785,33.966244,-118.204271,64,1727.42542568
p_914785,33.966154,-118.204284,65,1737.48042618
p_914785,33.965984,-118.204308,66,1756.46713808
p_914785,33.965777,-118.204337,67,1779.5838476
p_914785,33.965518,-118.204374,68,1808.51538915
p_914785,33.96533,-118.204401,69,1829.51745504
p_914785,33.965169,-118.204427,70,1847.53680255
p_914785,33.964944,-118.204463,71,1872.7150056
p_914785,33.964707,-118.204502,72,1899.24942135
p_914785,33.964513,-118.204533,73,1920.95813973
p_914785,33.964341,-118.204557,74,1940.16519346
p_914785,33.964092,-118.20459,75,1967.9525982
p_914785,33.963883,-118.204618,76,1991.27923472
p_914785,33.963796,-118.20463,77,2000.99294955
p_914785,33.963686,-118.204645,78,2013.27284871
p_914785,33.96353,-118.20467,79,2030.73022621
p_914785,33.963327,-118.204704,80,2053.46555359
p_914785,33.963291,-118.204709,81,2057.48538692
p_914785,33.963094,-118.204737,82,2079.48967468
p_914785,33.963067,-118.204741,83,2082.50729328
p_914785,33.962876,-118.204768,84,2103.83980382
p_914785,33.962898,-118.205004,85,2125.78817081
p_914785,33.962907,-118.205107,86,2135.36013862
p_914785,33.96292,-118.205244,87,2148.10419458
p_914785,33.962942,-118.205483,88,2170.32812737
p_914785,33.962947,-118.205541,89,2175.71738389
p_914785,33.962995,-118.206082,90,2226.00189576
p_914785,33.963148,-118.207331,91,2342.68121844
p_914785,33.963277,-118.20858,92,2459.00296801
p_914785,33.963295,-118.208752,93,2475.02487488
p_914785,33.963395,-118.209719,94,2565.0850059
p_914785,33.963525,-118.210882,95,2673.53739955
p_914785,33.963683,-118.210864,96,2691.14181657
p_914785,33.96374,-118.210858,97,2697.48862793
p_914785,33.964352,-118.210773,98,2765.8257948
p_914785,33.965071,-118.210665,99,2846.20074779
p_914785,33.965155,-118.210652,100,2855.59532286
p_914785,33.965971,-118.210532,101,2946.78443104
p_914785,33.966788,-118.210412,102,3038.08363763
p_914785,33.96699,-118.21038,103,3060.68417788
p_914785,33.96761,-118.210282,104,3130.04954013
p_914785,33.96843,-118.210161,105,3221.69028687
p_914785,33.96862,-118.210132,106,3242.93516712
p_914785,33.968744,-118.210113,107,3256.80110754
p_914785,33.969258,-118.210035,108,3314.26883643
p_914785,33.970075,-118.209902,109,3405.72175244
p_914785,33.970209,-118.209882,110,3420.69976355
p_914785,33.970372,-118.209857,111,3438.92704834
p_914785,33.970628,-118.209818,112,3467.55086937
p_914785,33.970896,-118.209779,113,3497.49562725
p_914785,33.971183,-118.209736,114,3529.57727269
p_914785,33.971709,-118.209658,115,3588.36578491
p_914785,33.971881,-118.209631,116,3607.60682562
p_914785,33.972126,-118.209592,117,3635.02064655
p_914785,33.972181,-118.209584,118,3641.16598439
p_914785,33.972433,-118.209544,119,3669.36167035
p_914785,33.972577,-118.209526,120,3685.42080837
p_914785,33.97262,-118.209929,121,3722.96800478
p_914785,33.97263,-118.21002,122,3731.45055231
p_914785,33.9726414677569,-118.210117094342,123,3740.51318204
p_914785,33.9726476238228,-118.210193977145,124,3747.65099665
p_914785,33.9726533401692,-118.210229502302,125,3750.99470184
p_914785,33.9726586167962,-118.210248590447,126,3752.85328499
p_914785,33.9726577373582,-118.210273511079,127,3755.15837469
p_914785,33.9726594962343,-118.210275101758,128,3755.40265453
p_914785,33.9726647728609,-118.210316459404,129,3759.2692505
p_914785,33.972687,-118.210566,130,3782.46180216
p_914785,33.972696,-118.210656,131,3790.8387896
p_914785,33.972706,-118.210755,132,3800.05480323
p_914785,33.972709,-118.210778,133,3802.20622328
p_914785,33.972761,-118.211284,134,3849.32224307
p_914785,33.972799,-118.21168,135,3886.16022165
p_914785,33.972847,-118.212176,136,3932.30584663
p_914785,33.972863,-118.212341,137,3947.65711736
p_914785,33.972869,-118.212403,138,3953.42531762
p_914785,33.973794,-118.212421,139,4056.04156258
p_914785,33.973966,-118.212424,140,4075.12214607
p_914785,33.97516,-118.212447,141,4207.57998083
p_914785,33.975267,-118.212338,142,4223.14684988
p_914785,33.975355,-118.212229,143,4237.17332707
p_914785,33.975705,-118.212387,144,4278.65090106
p_914785,33.976246,-118.212402,145,4338.67568472
p_914785,33.976447,-118.212407,146,4360.97578575
p_914785,33.976682,-118.212418,147,4387.06225973
p_914785,33.97851,-118.212506,148,4589.9906448
p_914785,33.979396,-118.212531,149,4688.29469101
p_914785,33.980312,-118.212552,150,4789.91779272
p_914785,33.980741,-118.212561,151,4837.51061228
p_914785,33.980777,-118.212885,152,4867.71515393
p_914785,33.980876,-118.213666,153,4940.71456086
p_914785,33.980891,-118.213811,154,4954.21626496
p_914785,33.980986,-118.214713,155,5038.22942458
p_914785,33.981076,-118.215654,156,5125.75401665
p_914785,33.981141,-118.21624,157,5180.38137088
p_914785,33.981211,-118.216873,158,5239.38693593
p_914785,33.981282,-118.217516,159,5299.32306598
p_914785,33.981348,-118.218107,160,5354.42293535
p_914785,33.981515,-118.218711,161,5413.22921556
p_914785,33.98154,-118.21882,162,5423.67610187
p_914785,33.981618,-118.219165,163,5456.7089114
p_914785,33.981228,-118.219152,164,5499.98518665
p_914785,33.981154,-118.219149,165,5508.19809792
p_914785,33.980649,-118.219132,166,5564.23575126
p_914785,33.980135,-118.219122,167,5621.25716356
p_914785,33.979259,-118.2191,168,5718.4461169
p_914785,33.979185,-118.219098,169,5726.65642605
p_914785,33.979137,-118.219097,170,5731.98148436
p_914785,33.97856,-118.219087,171,5795.99015135
p_914785,33.978431,-118.219081,172,5810.30982701
p_914785,33.978384,-118.219079,173,5815.52643573
p_914785,33.977645,-118.219049,174,5897.5446508
p_914785,33.97689,-118.219031,175,5981.3072596
p_914785,33.976015,-118.219009,176,6078.38526559
p_914785,33.975589,-118.218998,177,6125.6489485
p_914785,33.975276,-118.218987,178,6160.38239468
p_914785,33.974762,-118.218985,179,6217.39656877
p_914785,33.974517,-118.218985,180,6244.57244113
p_914785,33.974177,-118.218995,181,6282.29721548
p_914785,33.973969,-118.218994,182,6305.36915946
p_914785,33.973884,-118.218994,183,6314.79752225
p_914785,33.973807,-118.218993,184,6323.33900954
p_914785,33.973732,-118.218993,185,6331.65815296
p_914785,33.973564,-118.218975,186,6350.36712987
p_914785,33.973616,-118.219474,187,6396.84072493
p_914785,33.973637,-118.219672,188,6415.28623457
p_914785,33.973666,-118.219948,189,6440.99434695
p_914785,33.973686,-118.220136,190,6458.50910542
p_914785,33.973732,-118.220581,191,6499.94832577
p_914785,33.973795,-118.22118,192,6555.74316456
p_914785,33.97386,-118.221828,193,6616.0593314
p_914785,33.97388,-118.222023,194,6634.21591701
p_914785,33.973898,-118.222204,195,6651.06141847
p_914785,33.973922,-118.222443,196,6673.30798588
p_914785,33.974213,-118.222447,197,6705.58838048
p_914785,33.974728,-118.222454,198,6762.71683442
p_914785,33.975187,-118.22246,199,6813.63302116
p_914785,33.97622,-118.222474,200,6928.22269633
p_914785,33.976417,-118.222481,201,6950.0838947
p_914785,33.976914,-118.222483,202,7005.21242091
p_914785,33.976913,-118.222676,203,7023.04785173
p_914785,33.97691,-118.223056,204,7058.16514236
p_914785,33.976908,-118.223214,205,7072.76757227
p_914785,33.976908,-118.223229,206,7074.15371893
p_914785,33.976903,-118.22383,207,7129.69476591
p_914785,33.976901,-118.22444,208,7186.06517063
p_914785,33.976899,-118.225181,209,7254.54118147
p_914785,33.976901,-118.225889,210,7319.96768612
p_914785,33.976901,-118.225948,211,7325.41986344
p_914785,33.976903,-118.22653,212,7379.20281521
p_914785,33.976909,-118.227116,213,7433.3590356
p_914785,33.976915,-118.227746,214,7491.5809966
p_914785,33.976913,-118.228367,215,7548.96789315
p_914785,33.976911,-118.228977,216,7605.33829127
p_914785,33.97691,-118.229612,217,7664.01860306
p_914785,33.97691,-118.230503,218,7746.35571282
p_914785,33.976909,-118.23091,219,7783.96665513
p_914785,33.976908,-118.23153,220,7841.26082417
p_914785,33.97691,-118.232142,221,7897.8160424
p_914785,33.976912,-118.232769,222,7955.75739551
p_914785,33.976914,-118.233375,223,8011.75815676
p_914785,33.976914,-118.233555,224,8028.39191553
p_914785,33.976915,-118.233652,225,8037.35634954
p_914785,33.976915,-118.234642,226,8128.84202169
p_914785,33.976916,-118.234786,227,8142.14949076
p_914785,33.977064,-118.234819,228,8158.8467796
p_914785,33.977792,-118.234983,229,8241.00780282
p_914785,33.978141,-118.235062,230,8280.40190835
p_914785,33.978386,-118.235117,231,8308.04897474
p_914785,33.978704,-118.235188,232,8343.9271663
p_914785,33.978974,-118.235249,233,8374.40196508
p_914785,33.979506,-118.235369,234,8434.44531048
p_914785,33.979499,-118.235455,235,8442.43015119
p_914785,33.979462,-118.235674,236,8463.07924938
p_914785,33.97945,-118.235747,237,8469.95503072
p_914785,33.979772,-118.235818,238,8506.26951053
p_914785,33.979826,-118.23583,239,8512.36107752
p_914785,33.98039,-118.235955,240,8575.97850614
p_914785,33.980383,-118.236869,241,8660.44117173
p_914785,33.98038,-118.237253,242,8695.92664339
p_914785,33.980382,-118.237888,243,8754.60488528
p_914785,33.980386,-118.238692,244,8828.90064738
p_914785,33.980387,-118.238986,245,8856.06824187
p_914785,33.980898,-118.238988,246,8912.74970376
p_914785,33.981186,-118.238989,247,8944.69538596
p_914785,33.982003,-118.239008,248,9035.33570905
p_914785,33.982016,-118.237781,249,9148.7249025
p_914785,33.982016,-118.237721,250,9154.26915753
p_914785,33.982015,-118.237655,251,9160.36884674
p_914785,33.982014,-118.237551,252,9169.97952909
p_914785,33.982008,-118.237428,253,9181.36472139
p_914785,33.982007,-118.237406,254,9183.40063901
p_914785,33.981983,-118.237249,255,9198.15033885
p_914785,33.981948,-118.237077,256,9214.51116604
p_914785,33.981869,-118.236811,257,9240.60603642
p_914785,33.981691,-118.236228,258,9297.98202668
p_914785,33.981623,-118.236138,259,9309.20945378
p_914785,33.981601,-118.235907,260,9330.6939745
p_914785,33.981596,-118.235856,261,9335.43913694
p_914785,33.981585,-118.235676,262,9352.11667812
p_914785,33.981621,-118.235621,263,9358.58003235
p_914785,33.981621,-118.235546,264,9365.5103832
p_914785,33.98162,-118.235266,265,9391.38393096
p_914785,33.981631,-118.234882,266,9426.88829734
p_914785,33.981642,-118.234288,267,9481.79022603
p_914785,33.981642,-118.233734,268,9532.98240505
p_914785,33.981646,-118.233134,269,9588.42697223
p_914785,33.98164,-118.232553,270,9642.1182013
p_914785,33.98164,-118.232355,271,9660.41432347
p_914785,33.98164,-118.231437,272,9745.241799
p_914785,33.981638,-118.230865,273,9798.09772923
p_914785,33.981637,-118.230596,274,9822.9548303
p_914785,33.981636,-118.230279,275,9852.24731793
p_914785,33.982032,-118.230281,276,9896.17284164
p_914785,33.982058,-118.230281,277,9899.05681524
p_914785,33.982874,-118.230286,278,9989.57040298001
p_914785,33.983163,-118.230289,279,10021.62808246
p_914785,33.983534,-118.230289,280,10062.78017609
p_914785,33.983947,-118.230288,281,10108.59109342
p_914785,33.984907,-118.230285,282,10215.07667478
p_914785,33.98538,-118.230283,283,10267.5431619
p_914785,33.985869,-118.230282,284,10321.78416039
p_914785,33.986082,-118.230282,285,10345.41057465
p_914785,33.986578,-118.230294,286,10400.43912758
p_914785,33.986588,-118.230294,287,10401.54834902
p_914785,33.987144,-118.230308,288,10463.23462874
p_914785,33.98764,-118.230306,289,10518.2523296
p_914785,33.987947,-118.230304,290,10552.30593583
p_914785,33.988142,-118.230304,291,10573.93575899
p_914785,33.9888,-118.2303,292,10646.92348771
p_914785,33.989214,-118.230299,293,10692.84536626
p_914785,33.989214,-118.229956,294,10724.53735242
p_914785,33.989214,-118.227806,295,10923.18974384
p_914785,33.989048,-118.227803,296,10941.60491361
p_914785,33.988822,-118.227798,297,10966.67758425
p_914785,33.988635,-118.227795,298,10987.4218844
p_914785,33.988003,-118.227782,299,11057.53498886
p_914785,33.987559,-118.227773,300,11106.79145043
p_914785,33.987195,-118.227766,301,11147.17229616
p_914785,33.986324,-118.227772,302,11243.7870767
p_914785,33.985826,-118.227775,303,11299.02699519
p_914785,33.985744,-118.227772,304,11308.12683283
p_914785,33.985612,-118.227767,305,11322.77584076
p_914785,33.985124,-118.227768,306,11376.90591503
p_914785,33.983546,-118.227774,307,11551.9418717
p_914785,33.983541,-118.227156,308,11609.04937024
p_914785,33.983537,-118.226539,309,11666.06350245
p_914785,33.983537,-118.226397,310,11679.18467232
p_914785,33.983538,-118.225914,311,11723.81526798
p_914785,33.983539,-118.225202,312,11789.60601489
p_914785,33.983535,-118.22448,313,11856.32217087
p_914785,33.983532,-118.223866,314,11913.05834837
p_914785,33.983534,-118.223246,315,11970.34839551
p_914785,33.983536,-118.222631,316,12027.17643177
p_914785,33.9836400766499,-118.222585045353,317,12039.47701908
p_914785,33.9836576892485,-118.222606285898,318,12042.24627256
p_914785,33.9837340104669,-118.222641686807,319,12051.3219832
p_914785,33.9837574939048,-118.222634606625,320,12054.00771611
p_914785,33.984053,-118.222626,321,12086.79551748
p_914785,33.98417,-118.222625,322,12099.77373201
p_914785,33.984581,-118.222621,323,12145.36421492
p_914785,33.9851,-118.222617,324,12202.93397762
p_914785,33.985219,-118.222623,325,12216.14534738
p_914785,33.985299,-118.222626,326,12225.02344558
p_914785,33.985801,-118.222627,327,12280.706429
p_914785,33.986383,-118.222629,328,12345.26337596
p_914785,33.986833,-118.222631,329,12395.1786829
p_914785,33.987005,-118.222631,330,12414.25729265
p_914785,33.98721,-118.222632,331,12436.99652177
p_914785,33.987212,-118.222022,332,12493.36012196
p_914785,33.987214,-118.221405,333,12550.37050626
p_914785,33.98721,-118.22079,334,12607.19739447
p_914785,33.987205,-118.220183,335,12663.28610658
p_914785,33.989136,-118.220178,336,12877.4773196
p_914785,33.989192,-118.220178,337,12883.68896226
p_914785,33.989195,-118.219835,338,12915.38270301
p_914785,33.9892,-118.21936,339,12959.27453466
p_914785,33.989204,-118.21882,340,13009.17060342
p_914785,33.989204,-118.218556,341,13033.56327202
p_914785,33.989205,-118.218479,342,13040.67866495
p_914785,33.989206,-118.216505,343,13223.0693311
p_914785,33.989214,-118.216105,344,13260.03856874
p_914785,33.989161,-118.215938,345,13276.55076672
p_914785,33.989151,-118.215672,346,13301.15325985
p_914785,33.989151,-118.215652,347,13303.00119043
p_914785,33.989149,-118.214826,348,13379.32104696
p_914785,33.989149,-118.214794,349,13382.27773597
p_914785,33.98915,-118.214748,350,13386.52942356
p_914785,33.989149,-118.214099,351,13446.49487472
p_914785,33.989149,-118.213867,352,13467.93087002
p_914785,33.989145,-118.213459,353,13505.63126668
p_914785,33.989145,-118.213243,354,13525.58891842
p_914785,33.989146,-118.212914,355,13555.98758089
p_914785,33.989148,-118.212806,356,13565.96887219
p_914785,33.989147,-118.211894,357,13650.23458338
p_914785,33.989144,-118.211606,358,13676.84686611
p_914785,33.989195,-118.211546,359,13684.76744826
p_914785,33.989196,-118.210917,360,13742.88494075
p_914785,33.989198,-118.210236,361,13805.80733438
p_914785,33.989199,-118.21004,362,13823.91738374
p_914785,33.989199,-118.209789,363,13847.10889956
p_914785,33.9892,-118.209669,364,13858.19703161
p_914785,33.989201,-118.209284,365,13893.7698477
p_914785,33.989203,-118.208402,366,13975.26383982
p_914785,33.989202,-118.20809,367,14004.09175298
p_914785,33.989201,-118.207545,368,14054.44795383
p_914785,33.9892,-118.206985,369,14106.19009914
p_914785,33.9892,-118.206959,370,14108.59240752
p_914785,33.989198,-118.206104,371,14187.59170715
p_914785,33.989198,-118.205966,372,14200.34242117
p_914785,33.989197,-118.20574,373,14221.22432003
p_914785,33.989196,-118.205638,374,14230.64941373
p_914785,33.989195,-118.205482,375,14245.06369158
p_914785,33.989194,-118.205208,376,14270.38057071
p_914785,33.989178,-118.205001,377,14289.58880987
p_914785,33.989153,-118.204838,378,14304.90260954
p_914785,33.989107,-118.204536,379,14333.26904124
p_914785,33.98907,-118.204318,380,14353.82536457
p_914785,33.989,-118.204139,381,14372.09629358
p_914785,33.988982,-118.203973,382,14387.56355357
p_914785,33.98893,-118.203498,383,14431.82940361
p_914785,33.988966,-118.203408,384,14441.05418684
p_914785,33.988906,-118.202842,385,14493.77253642
p_914785,33.988885,-118.202616,386,14514.78373407
p_914785,33.988866,-118.202413,387,14533.65832119
p_914785,33.988865,-118.2024,388,14534.86459082
p_914785,33.988835,-118.202086,389,14564.06741674
p_914785,33.988774,-118.201979,390,14576.04758565
p_914785,33.988726,-118.201475,391,14622.91903637
p_914785,33.988769,-118.201384,392,14632.58579102
p_914785,33.988761,-118.201298,393,14640.58132347
p_914785,33.988753,-118.201207,394,14649.03614284
p_914785,33.988724,-118.200901,395,14677.49201749
p_914785,33.988686,-118.200545,396,14710.65431774
p_914785,33.988673,-118.200415,397,14722.75217825
p_914785,33.988614,-118.200348,398,14731.7606668
p_914785,33.988511,-118.199402,399,14819.91189852
p_914785,33.988548,-118.199236,400,14835.78943208
p_914785,33.988496,-118.198747,401,14881.33834765
p_914785,33.988445,-118.198269,402,14925.86505996
p_914785,33.988386,-118.198151,403,14938.58127676
p_914785,33.98831,-118.197441,404,15004.7228582
p_914785,33.98829,-118.197247,405,15022.78472116
p_914785,33.988321,-118.197015,406,15044.49496892
p_914785,33.988299,-118.196849,407,15060.02585687
p_914785,33.98829,-118.196779,408,15066.57026843
p_914785,33.988265,-118.196585,409,15084.70860909
p_914785,33.988226,-118.196167,410,15123.57228272
p_914785,33.988215,-118.196045,411,15134.91062452
p_914785,33.988201,-118.195889,412,15149.40805324
p_914785,33.988129,-118.195089,413,15223.75631922
p_914785,33.988106,-118.19484,414,15246.90435109
p_914785,33.988095,-118.194719,415,15258.15085192
p_914785,33.988084,-118.194602,416,15269.0300189
p_914785,33.988066,-118.194399,417,15287.89271747
p_914785,33.988027,-118.194021,418,15323.08594395
p_914785,33.987986,-118.193624,419,15360.0487005
p_914785,33.987953,-118.193308,420,15389.47496211
p_914785,33.987917,-118.192999,421,15418.30379273
p_914785,33.987885,-118.19273,422,15443.41099384
p_914785,33.98786,-118.192442,423,15470.16569072
p_914785,33.98784,-118.192214,424,15491.34890557
p_914785,33.987387,-118.192292,425,15542.11086994
p_914785,33.986659,-118.192416,426,15623.67097042
p_914785,33.986018,-118.192526,427,15695.49486004
p_914785,33.985249,-118.192632,428,15781.35445496
p_914785,33.985147,-118.192647,429,15792.75309063
p_914785,33.984833,-118.19269,430,15827.80852975
p_914785,33.984246,-118.192772,431,15893.35918296
p_914785,33.982521,-118.193072,432,16086.6974073
p_914785,33.982407,-118.193092,433,16099.47685715
p_914785,33.982521,-118.194177,434,16200.5292334
p_914785,33.982644,-118.195242,435,16299.88035857
p_914785,33.982744,-118.196332,436,16401.20913985
p_914785,33.982836,-118.197265,437,16488.02338865
p_914785,33.98285,-118.197402,438,16500.77754027
p_914785,33.982961,-118.198495,439,16602.52205535
p_914785,33.983058,-118.199584,440,16703.72269971
p_914785,33.983314,-118.201995,441,16928.30868849
p_914785,33.983379,-118.202608,442,16985.40863511
p_914785,33.983179,-118.202596,443,17007.62074584
p_914785,33.982994,-118.202594,444,17028.14216289
p_914785,33.982577,-118.202599,445,17074.39897559
p_914785,33.982544,-118.2026,446,17078.06057006
p_914785,33.982086,-118.202605,447,17128.86497743
p_914785,33.982043,-118.202605,448,17133.6346261
p_914785,33.981297,-118.202599,449,17216.38433646
p_914785,33.981045,-118.202597,450,17244.33730298
p_914785,33.980723,-118.202595,451,17280.05467824
p_914785,33.980457,-118.202593,452,17309.56051846
p_914785,33.98017,-118.202591,453,17341.39567765
p_914785,33.980097,-118.202577,454,17349.59567919
p_914785,33.979889,-118.202538,455,17372.94722791
p_914785,33.979664,-118.202369,456,17402.38796046
p_914785,33.979685,-118.202576,457,17421.65747342
p_914785,33.979697,-118.202729,458,17435.8582279
p_914785,33.979703,-118.202785,459,17441.07562803
p_914785,33.97972,-118.20295,460,17456.43890294
p_914785,33.979758,-118.203288,461,17487.95550411
p_914785,33.979803,-118.203677,462,17524.24660323
p_914785,33.979813,-118.203769,463,17532.82007137
p_914785,33.979835,-118.203974,464,17551.91996104
p_914785,33.979848,-118.204101,465,17563.74385798
p_914785,33.979871,-118.204328,466,17584.87472612
p_914785,33.979912,-118.20472,467,17621.38246303
p_914785,33.97993,-118.204886,468,17636.8513383
p_914785,33.980032,-118.205844,469,17726.09679098
p_914785,33.980079,-118.206295,470,17768.09687795
p_914785,33.979879,-118.206291,471,17790.28436188
